1.0,0.46791452249707366,-0.39743663834347437,-0.8808058546804225,0.2979440542667204,-0.19452578849605068,-0.18251502670246106,-0.8027961460035474,0.001678660068177819,-0.2494001299875162,-0.3797633528639267,-0.6822110784106312,0.11231338225804792,-0.8510202744696833,-0.748422644695644,-0.8425913967415438,0.7337802156124802,0.35187878454638294,0.15529808622745467,0.07432242083251865,-0.03874059470087882,0.12248429214141686,-0.6461166237265322,-0.7555223195917481,-0.06130543829079902,-0.40986362046004005,0.21207573331816493,-0.35183729528275326,0.4572446400780883,-0.13078214290111642,-0.3951202852105151,-0.7954014629126387,0.4134043158818257,0.2642178384672654,0.02999680195857654,-0.1953414039710022,-0.05037798939515618,0.34453287726099185,-0.10928586042209543,0.07522070360278535,-0.17352052776737442,0.03713615460054361,0.3688369327368732,0.07477777888361563,0.303372016294163,0.14764424222738856,0.31548933672330276,0.3679178401180281,-0.20291090133617373,0.2990591998844145,-0.19171739741149038,0.39386497163075046,0.4617238754966264,0.3666140526895609,0.3903919175308183,0.4092661852745509,0.78760065411908,0.7149794815772126,0.22216359648812237,0.6625539032453923,0.7508078216451807,-0.35959556939615095,0.8150543654203035,0.4987575582597609,-0.19709323266008674,-0.6320850819852458,0.5928360839461516,0.024462928343690436,0.6941336798916685,0.7607938517060441,0.02844518771963947,0.1729122091436605,0.24422241269648354,-0.1528243100370981,-0.17492413507052945,0.18733043837386976,-0.08115568581285629,-0.18108443126155582,0.39758311631324844,0.03811204073958065,0.409419432441219,0.2940205977082706,-0.23734168736426667,-0.27565617525812175,-0.6428675757738285,0.037388378956015676,,0.41125993290714025,-0.5878648585950392,0.2772380407094596,-0.32547389142969,-0.2600759438657439,-0.25292032367642603,-0.05134783339360363,0.11589439818681968,-0.13723053853298248,0.22678008985006626,0.05277117603897048,0.2205060283672833,-0.19016151527855313,-0.11862156652236219,0.013408573353098903,0.042351567370869966,0.3569900019582958,0.0946067131889516,-0.28819467580978675,-0.6489014127558511,-0.1766564909935528,-0.03399853766544368,-0.18366513923927133,-0.1425070655275476,-0.3970103030378524,-0.47369507467784294,0.3674022327031578,-0.25732305511290154,-0.2146509205292759
0.46791452249707366,1.0,-0.10601063644343922,-0.4440468832774289,-0.13424613353421117,0.22517659019950045,0.058218849846947494,-0.19875637238073002,-0.05150339599220646,0.0975377716508811,-0.12789107598057797,-0.10426627320873173,0.06071322593414813,-0.21689321311986232,-0.5639532017775231,-0.4023634345226831,0.7012949900027459,0.6343981565661881,0.22590113345980567,0.3934688046283939,-0.057220108677149634,-0.1213750468741896,-0.5733384204315118,-0.4660533202511448,-0.41380768660947276,-0.6564197211113534,-0.23228045829426522,-0.006608434381065455,0.2745273967654195,0.21161534492006878,-0.09760987836360817,-0.27983655871751256,-0.2589542525354336,0.08071529342336363,-0.1277692955630413,-0.2282879549576659,-0.059958029013006384,0.06518950314328821,-0.005505084462975474,0.38127043566961816,0.16326938703501445,0.333809363462931,-0.1453806934832001,-0.1861511694118285,-0.28565225780797043,-0.4490282688667762,-0.27535246530191376,0.06680056821530374,-0.31288127367544005,-0.24735607970183368,-0.1616261079983954,-0.08190596111175187,-0.01373201190070025,-0.0009715393382121258,0.5098034413802908,0.07413197590752746,0.019607498994454554,0.21141444229411882,0.0852910743881547,0.4593914197894122,0.6110076242671049,-0.051026893498199895,0.7820298054504203,0.6952335241531274,0.36034008701068093,-0.5887693080460782,0.25465043298717804,-0.0910238141139119,-0.05239152006730312,0.34807839232808185,0.3286637262929669,0.7042699971121118,0.33752661804502404,0.4149344524601035,0.4211442075698306,0.8000959921039881,0.34528905464532833,0.25886459534102385,0.11455326084509511,0.318035513286562,0.054296589865553524,0.049480358484405774,0.10260158339755376,0.34724334064312506,-0.4208576388040648,-0.3132970297836059,,0.027359730590619514,-0.44331581675673243,-0.16169614691236253,0.012491622027527882,0.00395948700710386,0.2973144719733957,0.22324415748871054,-0.006264427500787197,0.04787697825401676,0.2428721439889292,0.21822966387604614,0.136748505102124,0.07578841699302623,-0.08570257640881113,0.20670485538328842,-0.14690914258597265,0.36925461106101515,0.2708139813925126,-0.032538030213603256,-0.29796921738140447,0.06396153874190942,0.3450018074012841,0.30181368214970544,-0.11631581343692335,-0.3102465248445455,0.23209248986296233,0.23582212848840894,-0.027165263389409635,0.23057425778355484
-0.39743663834347437,-0.10601063644343922,1.0,0.28279038224458736,0.2539355509197075,0.5047656295486983,0.8993891566343929,0.7633683982629197,0.6179169991817214,0.44200044777336617,0.25400108164038715,0.6431474723897792,0.4669947561570276,0.4913809543475679,0.4771219565430589,0.5679788105811785,-0.16902789349565114,0.2969836831807022,0.23129840165309476,0.10443942881647719,-0.12392907998968639,0.0949053713393653,0.21358669796159882,0.21935794072604556,-0.06772983625618381,0.011570018711373316,0.10076581600554217,0.5064160417565695,0.31275893239978286,0.6441435165839602,0.6775782967564996,0.6289088831981251,-0.12652605334839576,0.44450394090030604,0.1514531832233908,-0.06634570492702,-0.027932958692807312,-0.4170016929194846,0.1627582077018938,-0.27784332368751447,-0.04741831317906617,-0.3409893939204728,-0.8776145613428283,-0.6753103170054942,-0.7349306328059708,-0.5289959171893578,-0.7117585681462275,-0.8139656926626582,0.13456307759539124,-0.8280949717310324,-0.08296981441672732,-0.8261067975324318,-0.6629989308515527,-0.7681511054325676,-0.3323887037648387,-0.6206236721480981,-0.3890463037615498,-0.2339228267841987,-0.1720251618676675,-0.6486263513544368,-0.25601503006157666,0.24698193172804486,-0.371680063697259,-0.0607475048992613,0.06205697197982493,0.12401826424391707,-0.4748185591249649,0.01729388868589471,-0.2967859380645197,-0.07170365507819565,0.024022540610710626,-0.3278255417184979,0.22747840223317167,0.2847469930008363,0.33134510204555984,0.012779475701289365,0.3438083732725376,0.41789244802662956,0.3307686823837008,0.21488837381862222,-0.1108821206126554,-0.3581401025535581,0.24129599318931638,0.47199263232309885,0.20244240721834594,-0.5628761735878255,,-0.27411705919205853,0.2127752563517594,-0.6443764515640731,0.5086263733529651,0.6051867623883086,0.4164775954423452,0.5323534228413761,0.5256299962141078,0.19234967065189038,0.2455903622746784,0.33776450617880305,-0.2504223726254704,0.35368609402752416,0.44183370748834616,0.18944683111185961,0.4249917959779432,0.025342986712929953,0.2754795708044706,0.4439220563349279,0.27056790623738886,0.41803901788808767,0.16891413555893345,0.27486545248284694,0.27278379433884997,-0.1810854965569868,0.4210889740095385,0.12604136405354727,0.27366472640304806,0.19469434740338817
-0.8808058546804225,-0.4440468832774289,0.28279038224458736,1.0,-0.30046608635903177,0.18287170926582896,-0.002407358916182063,0.7467147350158609,-0.015682673042881106,0.35708191565017444,0.2877766876379749,0.618230098840277,-0.3765927123215702,0.7701318435115038,0.648862467079527,0.8248752678816522,-0.7193093001451942,-0.33288376911053424,-0.004546072211631863,0.05626180826667153,0.028776598530253727,-0.06874684243878829,0.6915391462515972,0.8504960909688735,0.09436315031517126,0.5430046136626102,-0.19000663645469712,0.28028549160271415,-0.5841063258976505,-0.0019757742836422217,0.3581569080578276,0.7497347313630978,-0.47805145162615564,-0.2663095939707589,0.009875888479675415,0.36301142766890193,-0.01888659060569676,-0.3117442969023175,0.13787132692875256,-0.04692436678016999,0.0175857453868824,0.00869398844099325,-0.21191096837005283,0.013115716766501292,-0.19795058379069153,-0.0014098602936392032,-0.22261301048569787,-0.3125437441082634,0.2785341587791562,-0.15383862864041264,0.3670194318434044,-0.294564883811854,-0.29192505903713584,-0.27169280310881166,-0.40032015629795364,-0.4779440668068086,-0.7010952158771869,-0.7376805515559806,-0.2630353585788456,-0.5612782284088177,-0.7411919224435267,0.28058348953322204,-0.7659663444529148,-0.6228421400508435,0.02593834302568078,0.6957100705651532,-0.521655553926096,8.924011146591687e-05,-0.6567774899255392,-0.6881098089861464,-0.00884973778108479,-0.18272478058388789,-0.31629232477811525,0.16767107658046157,0.08720888353949499,-0.28302258973354805,-0.12021778178750744,-0.017721364875113808,-0.46606244963418425,-0.11386062147764607,-0.33390440872477023,-0.16619874279024077,0.08497916362156283,0.19654618229579757,0.6644602949234613,0.08541834280615984,,-0.300130999833094,0.7546049106617212,-0.17326206097414545,0.34210376342595894,0.01926203563574558,0.0498021224481479,-0.09111019952535775,-0.2503265218214461,-0.09273055867078242,-0.28822266981652883,-0.08711070919443673,-0.2081893519904531,-0.036042272544640194,-0.06215298861589685,-0.15318236956829318,-0.16840071637638887,-0.3365277639010384,-0.25277113078075686,0.047001881067045816,0.5598122270319796,0.049195364045674775,-0.08656770320757644,-0.007762864394567943,0.10052494156806183,0.22814832949176728,0.2886308987591021,-0.33705302184004887,0.12398839034494849,0.1448442151741312
0.2979440542667204,-0.13424613353421117,0.2539355509197075,-0.30046608635903177,1.0,-0.23416387199582722,0.394603725580403,-0.18262125635124163,0.4175875174533597,0.12057502303493331,-0.5335674049621211,-0.16416736686531572,0.35372359141476073,-0.31208698269102503,-0.2267930058400385,-0.17568551568739318,0.1200994842403876,0.12259964880411814,0.2107627693748187,-0.01758808397270671,0.3318601554120045,0.4685301533053051,-0.08026330579580174,-0.19016107916609837,0.555280941135988,-0.22458395402591586,0.8609204893341902,-0.30062767427343623,0.3086012481047685,0.08525427147757866,0.2508537687990501,-0.15711394693329914,0.21463543798453147,0.38236606733225886,0.24169132952275083,0.0731608300468786,0.003041390809308814,0.1825030860515701,0.11011661957523775,-0.3277548008708051,-0.17994123158417452,-0.2789815904374173,-0.07197129964637128,0.08099500458256305,-0.033544486348196546,0.23412231849983797,-0.23750969670363664,-0.019631812650696922,0.021592037990177733,-0.06443678197260344,-0.23377359554761734,-0.19624875323218474,-0.15429797395063702,-0.2565441651898541,0.00039339912361029085,-0.32882287056763276,0.175181074545031,0.11951962422792495,0.11290547324735987,0.0007572292999429522,0.3686012478678597,-0.10813133430982094,0.09494571586135844,0.17972241175555095,0.02389615378878442,-0.11148333744784895,0.23265731802333983,0.40717022512352435,0.14708630783617527,-0.021104283179041762,-0.7431984767445546,-0.3476773764760029,-0.17325915029660988,-0.5340181523987404,-0.4610886202305547,-0.03420900490064163,-0.09008466661944736,0.11805093839023743,0.5263873308970308,-0.06683776564716987,-0.022996848098873958,-0.08498848469951523,0.008803356504053495,0.01605650186791548,-0.5231314154901016,-0.32615364359943616,,0.06617908284629852,-0.32162919533025547,-0.2975684089156072,-0.06370251997550758,0.2894268272244306,0.14806763751725457,0.23143767204118906,0.3387594798759909,0.023057904539103505,0.29340005689744797,0.15204184314602828,-0.4405225673381868,0.16058949286947652,0.05648641907953823,0.28934132609295043,0.26123315968221,0.4052814675531524,0.2501106395661409,0.29169340296603913,-0.09352032814577087,0.06235382710890362,-0.17669995227118684,-0.13650702906486267,0.449203667526407,-0.35216296636670796,-0.005773556112814648,0.19828477369626707,0.26135134624932027,-0.26717627175844316
-0.19452578849605068,0.22517659019950045,0.5047656295486983,0.18287170926582896,-0.23416387199582722,1.0,0.45490831265810555,0.5205150812263916,0.24185967114036339,0.6315916768062914,0.32564656262007213,0.3240730413130438,0.3013144948731828,0.3068973221539165,0.30935999691623806,0.42521198145918626,0.2308820032148985,0.4828690303158042,0.326417305572942,0.3769404841802306,-0.6529974822016662,-0.3526024131722919,-0.10129434150295082,0.08587007404570095,-0.420982353946095,0.04878906818737649,-0.34566436663939765,0.8382877014676869,0.40716058229113994,0.5658830828019297,0.2819238870428736,0.4128005371479466,-0.01474052248239136,0.4344880104403678,-0.09989674463426176,-0.2824495601667053,0.21022442151348678,-0.24830473803140746,0.260874768404231,0.07159851618554725,0.31468930009311663,-0.20671579809638796,-0.7150307588707776,-0.7634070380729839,-0.6635657220714037,-0.6682786806996835,-0.4329571226695427,-0.47149574770956676,-0.16308046600239917,-0.703262142211189,0.18576642384445044,-0.5932400726257453,-0.4559235490081408,-0.5669003947344277,0.18672192476618532,-0.1585298117789809,-0.25139946402816044,-0.11459340579225089,-0.3470368122571512,-0.48055292105017644,-0.17887940240774197,-0.07719961512041336,-0.08359790041691795,-0.048741189489418794,0.11909780533601816,-0.21347076019898084,-0.532589836972788,-0.21954606520265682,-0.23992941624009811,0.19150715653930192,0.3484564539432332,0.173017171787642,0.5530376935069012,0.6711744734842008,0.7389103753453272,0.08432276180731077,0.5734256510074167,0.5568564776739374,0.31286311212624907,0.4103369773658601,-0.2053743183203674,-0.24496007285961008,0.1815187339686371,0.5421842392911267,0.02074095565612294,-0.48335240355133113,,-0.3349045414844253,0.16824301262275093,-0.45057817795193095,0.6514102934005476,0.260068924572309,0.44042431889429096,0.23051979645738482,0.2190989174867907,0.11519691494276355,0.3581429702150756,0.17177566571209607,0.20537246148325033,0.20996453553719344,0.5559379549783706,0.16550258255966357,0.21203566336146054,0.12794187627880918,0.14434173238785428,0.3409124690378083,0.022910196179929176,0.3939129506941513,0.238561507518371,0.41137952013749585,0.14527043693530478,-0.25934579278463016,0.2877450814878467,0.19724794854368888,0.3357283623717399,0.10584262995949045
-0.18251502670246106,0.058218849846947494,0.8993891566343929,-0.002407358916182063,0.394603725580403,0.45490831265810555,1.0,0.539056654270322,0.7666893658054422,0.3414693288728968,0.09411961856646578,0.3967239026904489,0.6404774639615101,0.2456241860139305,0.29825700252384235,0.2862100564843238,0.06953997444068201,0.36733953738486436,0.3091155620940861,0.21485649537340076,-0.12643365346888832,0.1300331822250509,0.0002698908833015416,-0.017774288326006377,-0.12951300513020975,-0.2940919478972421,0.17734145725277503,0.4440045236055749,0.418042790770898,0.5680578166123178,0.5405118406477207,0.3543346648062709,-0.0394899144497605,0.4747912063383441,0.21210997416140506,-0.19294804546759853,0.09997302247908907,-0.24776220980465274,0.23775167699501984,-0.21882523678479232,0.08606124603175634,-0.2639203503302642,-0.8287923104496168,-0.6290412272208777,-0.7235175660156938,-0.6176066684336492,-0.6782319032143549,-0.6539132899989059,-0.048973426707822204,-0.8377649573193078,-0.32730350262494484,-0.7510639134617028,-0.5947449070403785,-0.7061262482498394,-0.11514039283355533,-0.4219529272085754,-0.2527758020601422,-0.08167319312811192,-0.09880483190575906,-0.4919822264815303,-0.04685391141311933,0.07649979653835043,-0.1529736010876991,0.11101014593700176,0.10010196347181469,-0.12097736847614399,-0.31545296703528153,0.009069229980629841,-0.14452960410133397,0.029451324167709746,-0.07940047668330899,-0.19473024647284437,0.21870123289360557,0.23068476187527934,0.2794372847233463,0.2119436786546315,0.4832831302981261,0.45891596796071804,0.4383961078192334,0.1023336932579746,-0.15489922476252443,-0.5199424767260399,0.3802697787686422,0.41682981622565185,-0.16173419782968124,-0.6977101621656581,,-0.21290596354382682,-0.06654959561480507,-0.6038277120630052,0.42839160960039063,0.7477724854191204,0.5780968183294756,0.709607650585305,0.642032946242397,0.34233816224724595,0.40324616224386955,0.5391246115906629,-0.20631857032317524,0.55122228336941,0.48488116802080117,0.40836069146004367,0.5759672815569329,0.29273052105346,0.5462843953792047,0.6151533318631892,0.08854489150591498,0.4925299729510865,0.30402658934959925,0.4106983913278864,0.3588643009658349,-0.10260859239009454,0.4926925373106617,0.39722730716626475,0.3670864556625548,0.3106277258152441
-0.8027961460035474,-0.19875637238073002,0.7633683982629197,0.7467147350158609,-0.18262125635124163,0.5205150812263916,0.539056654270322,1.0,0.31497536683801136,0.49199565690146846,0.3610095415193408,0.8006588051067204,0.07076214768793132,0.869066453820785,0.6518757535599723,0.8857205419033897,-0.4834331710025297,-0.042239139150304694,0.08079343225215835,0.053416765161093664,-0.1509491502210469,-0.16967043944251298,0.42502403429817676,0.6204364844129535,-0.1753484171459911,0.22944299689659978,-0.22110514705204892,0.4933163785530398,-0.16383105405915718,0.505667091025832,0.5058088362357505,0.859683754297601,-0.42962123026270266,0.03934641325891843,-0.047854497523347986,0.0897282432024647,-0.04016535206237486,-0.5071726806575908,0.14987701180730406,-0.11043204457893209,0.1321197601810906,-0.11819616257671595,-0.7152968283679454,-0.5049908841277299,-0.6121584903434826,-0.4913380488263599,-0.5903014765027621,-0.730224820451286,0.19365193890329424,-0.6503897172825871,0.2066044023187469,-0.6644496067089802,-0.5713647450734646,-0.6047835436152211,-0.3419641136162903,-0.612811606652981,-0.7416113487620084,-0.598894082607464,-0.21811790011162913,-0.7185378518956864,-0.5698685102094904,0.4278432817004282,-0.648517733152122,-0.31062926563634463,0.2168353053425088,0.4813466714282541,-0.6509485431510941,-0.07689106799256823,-0.6257377723702925,-0.46014194531324965,0.14600619893707012,-0.22319941245121472,0.07541061122634049,0.4395547971441305,0.38365859664702334,-0.05584043913404247,0.302997437343167,0.38588700782128127,-0.08390899110369418,0.07132964217443066,-0.274610922748126,-0.33596729707164447,0.18520563574265303,0.4628492053426934,0.5360313145440118,-0.263982531136814,,-0.4109458448846093,0.5673285599211946,-0.517736998124019,0.6331649853452427,0.37216397617747105,0.314063778970016,0.2434081694274656,0.1438532865628078,0.05827982073961259,-0.04383176787918359,0.08687597105472118,-0.12461444774136929,0.18090856196210572,0.24893172909692945,0.054275382646733636,0.1303034555474286,-0.24110644694540737,-0.0015750688454522557,0.2609416814780916,0.48952716291024084,0.29707370217795503,0.09755256226758895,0.3195663644542704,0.15207490062109816,0.0750558520099304,0.47287186156375155,-0.1679561196006337,0.23003626591503973,0.2111358027009773
0.001678660068177819,-0.05150339599220646,0.6179169991817214,-0.015682673042881106,0.4175875174533597,0.24185967114036339,0.7666893658054422,0.31497536683801136,1.0,0.11497431896222413,-0.09911305656626926,0.09176070307004076,0.5377936242208101,0.06909652148444748,0.1750298156435588,0.12212250849932878,0.1226676289056714,0.13967604561345362,0.24535305355797554,0.14070244984776262,-0.04262439461342018,0.19476776070849278,-0.00016387453146296665,-0.07644646539384026,-0.11719162668842986,-0.1762043664772989,0.26996034230546234,0.22159512821031946,0.15466178481627654,0.3251738935490049,0.2896818541717442,0.1272993374069717,0.08591384452223566,0.33779818595928207,0.3220796335658825,-0.11965994885269418,0.07004168865125861,-0.13655356747284705,0.3425722918402591,-0.2651096446956366,-0.039235156857566504,-0.0068859092698388595,-0.4301496324903172,-0.42906686793832544,-0.39342038424728054,-0.5152435412117362,-0.28911705830308027,-0.5357197146742985,0.10194588452386115,-0.5067061422516296,-0.29445115131085375,-0.3715641083826122,-0.2626979073387208,-0.38112070510185136,-0.10947178112743777,-0.3035827043643585,0.059862690559079834,-0.014415665636417213,0.04602147866026407,-0.27638960235485993,-0.007412877634120746,-0.043754876083706054,-0.12644528932395843,-0.08305254455705595,-0.19089372746197508,0.05837268227972358,-0.09964560361846174,-0.11827127117835548,0.13535803786970577,0.10012528032446967,-0.01987214744179307,-0.2620438904164081,0.11951537153821253,0.18370880974538079,0.08367146598171443,0.04720783998838031,0.17919481514955654,0.06184443627759945,0.28870951680557666,-0.22214894914963337,-0.06172648640139735,-0.4941274715439516,0.14463419553240234,-0.018370497988608125,-0.2965065886891499,-0.3317302392774385,,-0.0008435606344958268,-0.0033530685316889852,-0.28197019173156507,0.2660765977311599,0.48916016235702103,0.22821286146467376,0.47179411711624775,0.5982363961094709,0.18445257977092075,0.33866776764810247,0.5699574498676628,-0.07793363759829897,0.3642105208786065,0.0997566820207869,0.2124555876127297,0.5019070621214278,0.3545230531448377,0.48989161768235867,0.38362152421603996,-0.2572162903779195,0.2867331419089221,0.20343793197802956,0.1884987243033069,0.15020567813190866,-0.16458968894759032,0.07698153718380583,0.6154525553672752,0.23760494336206006,0.259047453716739
-0.2494001299875162,0.0975377716508811,0.44200044777336617,0.35708191565017444,0.12057502303493331,0.6315916768062914,0.3414693288728968,0.49199565690146846,0.11497431896222413,1.0,0.0903287746013755,0.4064900908232669,-0.10280843763755561,0.31638150407577614,0.25405487985186803,0.49742302912252084,0.001379581199467914,0.40909943052145387,0.4737772781610673,0.38480952356365683,-0.4402862456383969,-0.054897924514384175,0.25169872790553627,0.3336769827769206,0.1443243640742198,0.07565733714079502,-0.055121556773524184,0.4447245743776415,0.2739904556465216,0.4155246126616149,0.4846348773886544,0.5459969371785065,-0.2870983300021739,0.5160870944991641,-0.10266252738771577,0.1900296523324294,0.007416169591646334,-0.04385398624923254,0.12338498807567912,0.05489436258463159,0.03170258389190082,-0.38430118301702465,-0.5578804141070512,-0.213115858453301,-0.6512289989442395,-0.15444527259881505,-0.5942517452412092,-0.18890771179030907,-0.2298171695332953,-0.6094156348605099,0.08439475161822474,-0.6772328144025492,-0.5270031440760665,-0.6015189008446642,-0.21070659260115743,-0.5976801647520458,-0.37478107931105104,-0.1347373922517204,-0.5463177995567501,-0.5304659769966236,-0.19988907383351476,-0.0025003641588385935,-0.180635539100057,-0.04464976318046049,0.023263806831473954,-0.027350748003721764,-0.5517780994322312,0.038655828913000984,-0.44469456137979885,-0.11654742121147499,-0.11905106993479042,0.060737459850362635,0.022843807925298137,0.2873111102542167,0.27269191700258216,0.1563976645709329,0.3482928751913417,0.6759345887579714,0.25198017127439015,0.3442824160792335,-0.09742029611228326,-0.07873043978478893,0.17303038367873103,0.6767201576952481,0.03555232166933388,-0.6517025425059765,,-0.498839600496318,0.3439202070786676,-0.6514441201835037,0.36045525559438135,0.10235454548553123,0.26450535446329837,0.19155292235095428,0.004057713633380862,0.0725706464454156,0.1490002626280141,0.032239693278615734,-0.3696450249830176,0.07105875600344676,0.34511607158324853,0.046641937378501336,-0.004443557601444173,-0.08073569062076337,0.062417223762486866,0.29001978476451384,0.4102757435957713,0.5407408133405327,0.1234608113017762,0.349060465705091,0.47038374324657023,-0.2059120681824525,0.300256946155197,-0.08230576856140372,0.2675598840202442,-0.1083204008172113
-0.3797633528639267,-0.12789107598057797,0.25400108164038715,0.2877766876379749,-0.5335674049621211,0.32564656262007213,0.09411961856646578,0.3610095415193408,-0.09911305656626926,0.0903287746013755,1.0,0.5192261652293156,0.240527446899578,0.4448964454668149,0.5745470116676324,0.3432339332246011,-0.33249471487594673,0.0265291638516772,-0.35553471088238137,-0.05410656986693422,-0.405387372881044,-0.2857661689402348,0.2516340772176288,0.2704761631976073,-0.12803900509576777,0.4228350740572108,-0.4022151758100846,0.5717431066210578,-0.21454868981851144,-0.11803645792997758,-0.05365517963522165,0.17512925807241464,-0.25628671715093787,-0.16545250663977826,0.14746421055305525,0.03361614973899057,-0.37139192345560873,-0.5189631158019578,-0.3034733914817113,-0.2599003032235901,-0.35629833770910846,-0.19294874416672292,-0.21497437632753688,-0.23881087007979565,-0.029410003902271793,-0.18875117726533003,-0.13370457590842533,-0.096521323788076,0.18720127541674977,-0.20829760621034765,0.3773725379134034,-0.12036618858852832,-0.1169496671234127,0.011350257577251893,-0.3714437660714337,-0.07765823619323393,-0.14320424801148626,-0.029989946789508178,0.1453269372382317,-0.1644818155709388,-0.2252831874432903,0.3680434613851343,-0.16538174381442947,-0.033407679756061195,0.1709089628710158,0.21575451528727685,-0.19710316629358235,-0.12418680175690842,-0.07803249534409858,0.030385605843876267,0.3477479952926946,-0.11062079745815971,0.017733435017455768,0.2959441943964768,0.21143748282766997,-0.18857608297641865,-0.01953573113004048,0.06636670012090999,-0.3898365687520324,0.20752892745847898,-0.08811879973862602,0.05825668175109557,-0.2079400699543822,-0.019910473561295806,0.6486364477959689,0.03859843344955279,,-0.46100031021407273,0.09908029364271141,0.03644078462264445,0.016894613828954443,-0.21294588471991957,0.03400422561690038,-0.17144175228313804,-0.33960997742977356,-0.22086154365571942,-0.5153804683034359,-0.3731536927805601,-0.06390916830712494,-0.29649145232124,-0.007250297735249032,-0.4447741246358171,-0.30710233613036675,-0.42591198701277516,-0.391272867028489,-0.22719015637439985,0.5298784024369922,0.22971673313130783,-0.2726042417007527,0.05555144090823895,-0.40409549293908087,0.1024261685740562,0.054197053861824454,-0.43716270827153886,-0.29947749001900953,-0.07997675347786397
-0.6822110784106312,-0.10426627320873173,0.6431474723897792,0.618230098840277,-0.16416736686531572,0.3240730413130438,0.3967239026904489,0.8006588051067204,0.09176070307004076,0.4064900908232669,0.5192261652293156,1.0,0.12115831294862503,0.8606396807407558,0.647622975618606,0.8092100457279786,-0.6115164318720882,-0.055344312794271294,-0.2982416165657719,-0.20623176288037803,-0.08998952109650941,-0.1511005380724045,0.45827339419414814,0.6216331013299354,0.1574814483310349,0.211910765607046,-0.1284845259519608,0.45247589294845253,-0.23409978888378294,0.3299974902923489,0.4908901320946051,0.6970766760004574,-0.575789261954923,-0.14825980713288428,-0.2125454725363779,0.021263953753105982,-0.40982619633574546,-0.6975568764462708,-0.3121825471020758,-0.14968592246336285,-0.10023376198997028,-0.09354338721440796,-0.5432722842467322,-0.2642015107213191,-0.4319264724114729,-0.2647750529193094,-0.5174131761885534,-0.4676642506477514,0.3099087463603358,-0.47360612855984596,0.1738733714107752,-0.5266927100153009,-0.383492481170119,-0.3960670887641245,-0.5378351920754811,-0.6312186892899688,-0.6306995240325372,-0.4549667768142366,0.0004851087914215546,-0.4969936186684251,-0.33234750485331843,0.6652527622180312,-0.42918729660698474,0.0031142131930126486,0.3709275156666183,0.46988601288720405,-0.5443718438243466,-0.15776672268685846,-0.6080956227279285,-0.516700109752325,0.009334497870810936,-0.2865585840899878,-0.09311417861545086,0.20776114789928962,0.2366015784829222,-0.044350752650504116,0.15482254608046134,0.31329006852304886,-0.1585616045714309,0.27029420536160975,-0.11317089127574313,-0.01858413061157396,-0.042647366518207955,0.3914220894483964,0.6145876713029624,-0.16059575136400092,,-0.5927321200560449,0.3583874541634273,-0.4515234256853083,0.421108053373153,0.20975630081845356,0.3091528284441511,0.18464831727889805,-0.013471056962688013,-0.1862157404332795,-0.4049753520129053,-0.1751088234444639,-0.232054861541409,0.016650136744044516,0.046133710836800325,-0.07931999249758577,-0.15199918723843028,-0.2701244695484996,-0.11521904784909909,0.06281324052424098,0.6084079579461387,0.16650612535653087,-0.05772329576675434,-0.047896833755428275,-0.15120751582378386,0.08838363322718262,0.5446523211542804,-0.40999503005053134,-0.05273832351946625,0.06385357620437127
0.11231338225804792,0.06071322593414813,0.4669947561570276,-0.3765927123215702,0.35372359141476073,0.3013144948731828,0.6404774639615101,0.07076214768793132,0.5377936242208101,-0.10280843763755561,0.240527446899578,0.12115831294862503,1.0,0.009681139224520243,0.18042042926934232,-0.021602602743043226,0.2015572847274481,0.21175943333267128,-0.21919394254350344,-0.1253717127209158,-0.17816965113400945,-0.01855509337266574,-0.30739257568401473,-0.3731777574412806,0.010885584172190555,-0.14362231238099507,0.30104060879254324,0.3727842992906268,0.31534711341853555,0.24891293882668344,0.06622317328566885,-0.15305772018827785,0.15774741362165262,0.18615939146716018,0.2607174124287148,-0.36138649927720745,-0.0733582698338376,-0.32317738754967584,0.0007926430573294966,-0.41585074971417796,-0.07402693219628417,-0.22439356502865987,-0.4135800520638826,-0.4949932569491996,-0.18846778045145884,-0.4329413472841532,-0.31095091831788835,-0.29432783275437757,0.15815415488942058,-0.40444166652931357,-0.14290988720430728,-0.2727219289571055,-0.29827891574268023,-0.27612208300397195,0.08597439372413261,-0.07163046360728946,0.14284503612152413,0.17079954466804462,0.43767907204417333,-0.04269633292937659,0.3490784566018157,0.22433521839429746,0.13795755261451448,0.3306180177262887,0.3078904560618889,-0.12103737019781201,0.11549566410742909,0.04428176704350272,0.2362806309436636,0.1883177225424876,-0.12449024112242765,-0.15397654111228842,0.2582968796165031,-0.0013805091277975083,0.12836950563867064,-0.01193103510801424,0.203600084344263,0.2507768788638008,0.39270188200527795,0.19561570230522832,-0.12737795487599396,-0.23552348968497966,-0.009294708181541211,0.014727012217632828,-0.2386471808828302,-0.30228639033004023,,-0.22961054988733176,-0.49171880677047064,-0.22003980200504267,0.09864608949457762,0.38213515778081064,0.40933226585168375,0.28717983516113305,0.3471963032677807,0.12813268835778413,0.17236086516839097,0.07938398772350742,-0.09128448761462475,0.24694825678917023,0.19705305690292826,0.2125355219686684,0.27379314144798933,0.3360135012651709,0.29623388644556703,0.3281840913966625,-0.08807349034418481,0.2025827718340327,-0.04927010751991201,0.16726038707342042,-0.08259067003978685,-0.2680149082748247,0.15729485896718504,0.21641161648761276,0.2831649007087686,-0.03595259058933039
-0.8510202744696833,-0.21689321311986232,0.4913809543475679,0.7701318435115038,-0.31208698269102503,0.3068973221539165,0.2456241860139305,0.869066453820785,0.06909652148444748,0.31638150407577614,0.4448964454668149,0.8606396807407558,0.009681139224520243,1.0,0.713385947067136,0.8666442323519155,-0.645647754675914,-0.2466543735509156,-0.2883855423390892,-0.17444351149910522,-0.0005999700823790973,-0.32912830721767455,0.5690608608844091,0.7543139008335595,0.0464663595728661,0.29883976839315146,-0.270211728580147,0.32668103520439296,-0.41950135218687407,0.2502916897268783,0.35914774972048163,0.7553984641225959,-0.562558449129342,-0.3263908354543032,-0.26628239866889225,-0.019356421951349657,-0.33847183533517783,-0.6330661482877444,-0.18957879827391913,-0.12526775560677786,0.13993615073136434,0.13463871144780507,-0.4164872110513941,-0.21327018930741076,-0.3481346015692006,-0.29654631397018244,-0.3538404742937412,-0.5123683334196514,0.2048890150507182,-0.37273920434658575,0.2526089728982956,-0.39869023528005226,-0.3705512439090411,-0.3408856466305387,-0.42286570166279697,-0.5387400714815547,-0.6801527775800192,-0.5380608937559539,-0.028200395603711553,-0.5984921738898984,-0.46096484482070743,0.6374673505561758,-0.5906878725480603,-0.15146885885214378,0.3979287817233136,0.6088953528693664,-0.628530069205591,-0.2662348693391873,-0.6654759752410473,-0.6722357887574266,0.09489684334705649,-0.26030627625239966,-0.09121313473159272,0.3315725831894955,0.25270139151484877,-0.1185763944844533,0.09877632507971504,0.2525641167168409,-0.36256754199687186,0.024243712632311756,-0.21076569940653464,-0.04220678580987505,-0.00795521314139674,0.2742984985766098,0.6809282863212375,0.020030245390699312,,-0.6292728270984593,0.4178455491825867,-0.3264290598606214,0.46115192619186934,0.16982137189906435,0.17594251776816414,-0.009859401494594409,-0.06333547499357381,-0.12771720222871089,-0.4001979563017347,-0.21042551780339272,-0.13418266850430105,-0.04905370732763141,-0.09453023402112569,-0.13386176605633643,-0.18280605505622638,-0.3902598928286096,-0.18807317217891073,0.05421709784577231,0.5667846612452904,0.07049276341928488,-0.026292198635909175,0.10810309154865284,-0.18235289572732988,0.16155210023856295,0.4139849765103562,-0.471660000198602,0.07691799251363546,0.007169282734830631
-0.748422644695644,-0.5639532017775231,0.4771219565430589,0.648862467079527,-0.2267930058400385,0.30935999691623806,0.29825700252384235,0.6518757535599723,0.1750298156435588,0.25405487985186803,0.5745470116676324,0.647622975618606,0.18042042926934232,0.713385947067136,1.0,0.7747655394917808,-0.6358234594964295,-0.27736281193543094,-0.17893229419572312,-0.06367229158207624,-0.29325489577030467,-0.17908958184697016,0.68080579120178,0.6485827514745058,0.20297018104576936,0.5944783662235923,-0.2989660964247913,0.4681956715991725,-0.2591956075390649,0.041289455922572854,0.41184258497501586,0.6159615813296587,-0.25844662172470934,-0.20862164675804357,-0.11436828112544103,-0.07177757265039073,-0.1751111917288883,-0.614160359741487,-0.21902971585018569,-0.31999091075653624,0.031771640244035504,-0.2562987820224692,-0.3793781014980945,-0.14539586699666673,-0.27183366778280615,-0.054630237336252295,-0.20052128331504163,-0.36208667223662117,0.15586618031012378,-0.3379781825847912,-0.011545196931075146,-0.3906470461247243,-0.389341227129546,-0.41125823755030166,-0.6225227667536715,-0.34518243515256575,-0.3343868144222519,-0.2899870708273404,-0.1523868548372997,-0.7472616496271491,-0.6431463866166209,0.3767909046325802,-0.6973626559981179,-0.42983791013947736,-0.02470891099982309,0.5570719579359064,-0.6543290253543889,-0.2758315668947535,-0.3032120928653255,-0.445756026873055,-0.026982706583069782,-0.4274881994488254,-0.21553284119822616,0.0647275107146951,0.08631117682022976,-0.5318750214705036,-0.1084714550439822,0.05689953637943117,-0.1532892365260855,-0.028512271091544358,-0.006996330072178605,-0.03778698514897552,0.12872850548418285,0.19924071283929123,0.6990496010105434,-0.09661343350498683,,-0.5318569073662454,0.4295160201697547,-0.12440938374493345,0.29492157026911553,0.2726712825342622,0.03341925270466567,0.16314324698419094,0.024954983274164753,0.1138749807279745,-0.3551155153398887,-0.11071781190537662,-0.20739225152595606,0.09723647866856495,0.1483164325046273,-0.11612051451256748,0.1916612674685359,-0.40363003258040286,0.02896162388566496,0.2385297799898706,0.4747366730215924,0.13945384945611564,0.03314708976180337,0.06138429047890902,-0.0778932556037819,0.25473035561817764,0.28503818739260733,-0.32038943064533904,0.26304863329226047,0.05884784023196196
-0.8425913967415438,-0.4023634345226831,0.5679788105811785,0.8248752678816522,-0.17568551568739318,0.42521198145918626,0.2862100564843238,0.8857205419033897,0.12212250849932878,0.49742302912252084,0.3432339332246011,0.8092100457279786,-0.021602602743043226,0.8666442323519155,0.7747655394917808,1.0,-0.6543298784494006,-0.2549067041224199,-0.10872227564933674,-0.15700700943072812,-0.21426908364960476,-0.09729880921135532,0.5258459480369507,0.6976176675723181,0.11761913097342924,0.5060071680028432,-0.162571323460907,0.46040246136449176,-0.2787721707618645,0.37446178705433125,0.48435932593120673,0.8716162750039269,-0.4195488132504888,-0.09299797927110198,-0.17545354085804835,0.16821771049173914,-0.07404135319964178,-0.535230593649204,0.0018644217194533786,-0.09758433567304951,0.05684868619006917,-0.2393009262915067,-0.5057283026632836,-0.24906385053112426,-0.4117155467965847,-0.17907060295371832,-0.41596956766300563,-0.5211080708694856,0.3528503729642207,-0.4097644419927317,0.21623243692883012,-0.5080441564999358,-0.48544687465109915,-0.4849349211454527,-0.4943739199982638,-0.6137859694608678,-0.6907510566920674,-0.6420124043934302,-0.21812338546240995,-0.7098471384601879,-0.6765520772193416,0.47914826223574514,-0.7648452113396262,-0.45742618230629994,0.1468929291266169,0.65966648067401,-0.6572744267902423,-0.08862732821264198,-0.6225817802987536,-0.5887624989685482,-0.03910985347444245,-0.31645346332597385,-0.1220731640392628,0.1614124886650098,0.2102707516913016,-0.3280437338877946,0.07136014635780082,0.27499136905425975,-0.042195201023376906,0.15837825863445543,-0.14491295552148087,-0.12790522959049316,0.08206524043103576,0.41914277605772216,0.6380875751243257,-0.11258848138707077,,-0.44560077699524697,0.670685163425169,-0.41741732937072906,0.5107440902987397,0.1894946825438236,0.140376734320509,0.082097926320924,-0.014441035752618007,0.009349080475441623,-0.22355460648077577,-0.14980255361918912,-0.18662456436466712,0.08845821738524398,0.18603563485261249,-0.024693580004514555,0.029766859786606946,-0.3390648161242523,-0.09619454123436692,0.17795625954066663,0.514827034761766,0.12652417557092016,0.006528678156928318,0.07516371143133221,0.07188506226345205,0.10986898842358701,0.38291293361765205,-0.32782326250260324,0.25633339304475056,0.07448433249847819
0.7337802156124802,0.7012949900027459,-0.16902789349565114,-0.7193093001451942,0.1200994842403876,0.2308820032148985,0.06953997444068201,-0.4834331710025297,0.1226676289056714,0.001379581199467914,-0.33249471487594673,-0.6115164318720882,0.2015572847274481,-0.645647754675914,-0.6358234594964295,-0.6543298784494006,1.0,0.7278252730937788,0.45286803369783457,0.46817738320603935,-0.1443280391683272,-0.035832614740849575,-0.6194535713206845,-0.7540554419910054,-0.39853990700163744,-0.47682262507851025,-0.08810874799952169,-0.07201375328270021,0.6300126670647621,0.2645902303053955,-0.14346320024164402,-0.4347514189199145,0.3934264255430067,0.46387507152166646,0.08421045248908841,-0.31384878789777804,0.22202753169717526,0.349823440524958,0.24398376674200198,0.12679677556472793,0.16656731166025104,0.0540561378787675,-0.08386625793511691,-0.2805202000810225,-0.20798695476610563,-0.32942754910537086,-0.050643003291434875,0.056209050608888984,-0.47071246444838133,-0.1798661594765239,-0.2552907794948113,-0.044799090290481305,-0.0693722072383058,-0.10091791169790554,0.5672696480287986,0.2608149474058352,0.48972201920744224,0.5596007654241861,-0.12570881032192743,0.3571594064746414,0.5825007902380325,-0.4718802322938774,0.7711643060401308,0.4672750859826147,-0.060799180304770585,-0.7313578031471208,0.30263693884771226,-0.02155322707328803,0.4493503262264307,0.7325452219149702,0.3177645228204112,0.5704361196785668,0.5726452368545195,0.3105254013045049,0.37325420574815693,0.511346828607542,0.24353125284102392,0.18757862807446327,0.42960912380710237,0.2728192278267677,0.19136519080026104,0.048592792086685564,0.07761650831699997,0.17361484481683462,-0.6616485787728542,-0.340541818592098,,0.2756739950953207,-0.49447651076507515,-0.09758849043609794,-0.12039592920404053,0.04911901759335947,0.04870976505864501,0.1471109370479076,0.22872584337944757,0.2726671100136198,0.6207309264343336,0.3287890749828881,0.18740785269291113,0.11820900248934561,0.15137192779501424,0.12896744632165366,0.19969880858697125,0.34632144861602987,0.39058860919359406,0.1587679648138921,-0.5919414804581679,0.1741040081236306,0.33404139733330346,0.37339305501745484,0.14042681209837057,-0.5052040888986302,-0.20783440675891438,0.4719198105871248,0.19716022234642358,0.05004117790823475
