1.0,0.21940241780585354,-0.5614864803430137,-0.5205946105964587,0.15200766162705676,-0.381140144864665,-0.2642204559442511,-0.6428430408236665,0.10198565748575768,-0.34819660591779356,-0.42102932623973205,-0.8388378753562951,-0.18390104298515414,-0.8245237960743664,-0.696191594331372,-0.8544511188579014,0.5510726377402103,0.18320066325690323,0.31372700284467103,0.27306752538712287,0.18091289073919595,0.04398235424731652,-0.23462378735928624,-0.31383853098640485,-0.010345858811300308,-0.12393137224960124,0.16075034188984608,-0.30341400681974956,0.0791106084958519,-0.4881898432394387,-0.44997431949672007,-0.8188422870022694,0.5590338641791525,0.2042036715501327,0.15781703602511593,-0.0012364041669258943,0.15218996005432747,0.5581799724724835,0.07016525607269822,-0.05205201669387476,-0.12692674934741108,0.2449159166042185,0.7110084163457906,0.4851084553172443,0.5119070256748679,0.3309568895524325,0.5269458925408622,0.5337728191269879,-0.1720374280418504,0.5807987035350521,-0.07695277823093967,0.6975411927254153,0.535431655156529,0.5830915018752322,0.1465412647824114,0.42264594598258587,0.7125153978238109,0.5464083321133036,-0.11543765062870852,0.7200726820289806,0.4260923851196996,-0.41883812254628694,0.5810009434330167,0.10987328316429067,-0.4962802467590879,-0.2687754070181888,0.5731522008375389,0.023783003880032395,0.5545812482346065,0.694257136832141,-0.012406526919605176,-0.08986191645806739,0.0930362956859781,-0.07913824461425802,-0.36370301347287876,-0.04268207424880013,-0.27438015874955207,-0.5047220037256249,-0.09003247770819404,-0.4731394613874724,0.19335483067243606,0.0392544571337521,-0.17890838789083274,-0.484248608727178,-0.6115972243579324,0.32764162759446464,,0.5644728891052834,-0.08797910641020375,0.5182042864348807,-0.47340661989556976,-0.3032844470308781,-0.5297138134850842,-0.09109498243749886,0.005286002478633255,-0.1806358255949318,0.2176741686758298,0.07791106881071008,0.11986916593131008,-0.3098658542545254,-0.42663558619918923,-0.19863921144613855,0.09158968953212565,0.04821317742885985,0.06298001524236037,-0.2957248152069998,-0.33868918710520923,-0.19739878172539294,-0.1025614523532996,-0.2968463869917394,-0.009126832269916674,-0.19439090500467904,-0.4878221227050301,0.193577582288718,-0.45928412954565007,-0.09089181031903328
0.21940241780585354,1.0,-0.21061588667955464,-0.12512342898103457,0.23537596165324828,0.0059550156608817,0.1770197192243889,0.014941267002426806,0.2778436184806388,0.22001045112112294,-0.5941685342344177,0.05185485884717541,-0.215206799038317,-0.20410010751321284,-0.308471461641923,-0.07924323574079314,0.32199597588435885,0.39419541851833334,0.3602088722552146,0.537195935127456,0.20704466259848373,0.30440351189123677,-0.28659931887491896,-0.4020225493406405,0.039731252434519575,-0.44370683001466743,0.10821458010475571,-0.15825544371308117,0.22697035345431538,0.3856860795277368,0.09070222664684673,-0.23295439204878787,-0.26204695167655623,-0.010895839223646649,-0.21270056233466275,-0.1607947107174677,0.36435201711703763,0.1969507054107442,-0.02610764367276972,0.4859351878854527,0.68012213208858,0.49871097080455173,-0.22802854103975273,0.1181246075585093,-0.43685002860201466,-0.12652918305975175,-0.3424726141151392,0.16567100951727712,-0.16324277781841662,-0.11704129489543486,-0.43924784021855545,-0.24974962324109315,0.055136656584453644,-0.2653466253507676,0.34319570393745025,0.025411994579793054,-0.2300664654888477,-0.142086259285312,-0.17591643872761747,0.31825528037451417,-0.10520223193464995,-0.17803430046126426,0.21677248942760538,0.5114904101959304,0.28315243355986836,-0.194304234502807,0.14917874848043156,-0.14892790228637892,-0.29104122788186687,0.0703459876289727,0.011038674730874201,0.43688690074318903,0.16233154047604983,0.32270501857261025,0.4433859486762341,0.36370855533451785,0.3552418585033667,0.26635713167884645,0.537571778588678,-0.05501891040985337,0.023725120926223822,-0.15762608055685748,0.6755459881828146,0.5205933641936019,-0.3953678473343212,-0.22515064045028046,,0.4141596346100477,-0.07429917461159986,0.19444000154332763,0.14150963341309034,0.2952868846274617,0.19653153954814154,0.6513177521055225,0.20524930163406388,0.25247830402659344,0.323244380399561,0.4998240740149144,-0.291160594438987,0.22681306854475405,-0.05308580156606951,0.47363973629985145,0.47850922476296903,0.21666196925377978,0.7371443134909176,0.1537709647644023,-0.08890393160098616,-0.29052543339860354,0.47742252487924464,0.33608787679849694,0.20034522795526935,-0.2702302122100976,0.3076638423790156,0.03751555363937015,0.21751529643955697,0.5419902380861297
-0.5614864803430137,-0.21061588667955464,1.0,-0.004113501832284933,0.17214292439685783,0.19201866832142284,0.8036576255047638,0.5925675232909208,0.47643744937145255,-0.05228975553297317,0.556073747258661,0.6283181965300971,0.6684833841099432,0.7140404899688184,0.572957164884054,0.4098606929005654,-0.34313303952564,-0.24698507924142674,-0.38020027519660243,-0.494421801831307,-0.10911292705819428,0.16686971573760384,-0.11790768203918119,0.09028480571326852,-0.07667095659186386,-0.18189914834812795,0.17198164459728968,0.41254102951825095,0.01056648450205726,0.2722167333232165,0.40311197381662917,0.5289105037407197,-0.22110720334099196,0.04997703849104829,0.1545666317818719,-0.027797858652002797,-0.15075122538843663,-0.39929276179265505,0.23899721887615794,-0.1302871663438456,-0.15182872230903463,-0.18635062962621501,-0.7298925427651333,-0.5476055162547695,-0.21286145999656259,-0.5472545695773425,-0.3907951393739639,-0.6597856898612658,0.3671796722811995,-0.7615123558117691,-0.2334218596607764,-0.4218561677024024,-0.5430970070485752,-0.402865660781447,-0.2632997423975519,-0.3302565484381066,-0.3959526052109192,-0.32548722972797584,0.45201749225708426,-0.5171419207792786,0.1177714823883595,0.35253222879867996,-0.44391232830483085,0.0861862879667314,0.2702892115840994,0.12438901473938764,-0.17964141223243074,0.04119208355230878,-0.19933313045486814,-0.44294315172637494,-0.3433964445734492,-0.21403276110231675,-0.3446775879494263,-0.19667232818011562,-0.0968681112982933,0.22734433963528006,0.20721509533532925,0.327825633657401,0.27269784538999053,0.11179820105702983,-0.2746739853865045,-0.3116254476396163,0.1280203862769446,0.12504656796061364,-0.02187884670530251,-0.5860415105080412,,-0.4462941009738393,-0.23210716670989484,-0.5443309498510667,0.0524912916571218,0.5156153226341812,0.5008394720732552,0.15430005353764886,0.26585957399015286,0.15618761929891115,-0.0593641484154141,-0.12384242952903246,-0.12489989596804138,0.2606316420507499,0.22244079798089797,0.135468058966152,0.011216046832497486,0.07603401260504758,0.05474065996573884,0.45993011854946453,0.17189921194838448,0.3683285342919973,0.03957557376797704,0.054647283693193424,-0.19086312471027314,0.13006889105455582,0.26390286221911063,-0.023238578381981918,0.23765512169629027,0.012922006493180418
-0.5205946105964587,-0.12512342898103457,-0.004113501832284933,1.0,-0.2026992578922193,0.4713874995217648,-0.24760501034905907,0.5640800498376985,-0.3667361490848081,0.5416874237869871,-0.2160351838762628,0.534234494739176,-0.43763670336487476,0.3934026127175999,0.0801207353516191,0.7162839737901321,-0.5387307053013539,-0.1640646665252912,0.19075183108486907,0.21544230340775603,-0.1647655090151311,-0.07686973825741597,0.19670538333754847,0.5745607905854758,0.20770808266107918,0.42816630945206197,-0.04454312935563451,0.3309637004241793,-0.556432634370552,-0.022020477220254568,-0.06657051580432832,0.4966151530047073,-0.4110599634281669,0.03507534127535537,0.19608040169119778,0.5086904828136534,0.1242888131291553,-0.16028758344660266,-0.10590038859980777,-0.009029314375305936,-0.006305686624814073,-0.40787973199495986,-0.27146221657032815,0.011154400443912554,-0.26144217949838955,0.28383892258690707,-0.4172673201985147,-0.06246473788225273,0.2624142768969059,0.01549390178464475,0.6447782998845542,-0.4727461540806392,-0.31513583416489416,-0.4524435667293219,-0.27761343492202384,-0.5683848181624771,-0.6785474056821208,-0.5229014160573658,-0.34042076304146196,-0.3454772009251626,-0.6923089429897008,0.45789734837495644,-0.5867106917004757,-0.16199793416695027,0.34284974799688095,0.6712601166166368,-0.3498331661971374,0.2565999285030337,-0.20521452897749923,-0.4191551416020879,-0.24304729972919745,0.03312206289147492,-0.1765688936039718,0.16929170605888594,0.1343759506256009,-0.35061424550115106,0.17620614042978608,0.4452150017775457,-0.16938910905082505,0.06719045177948989,-0.33266398295305805,-0.1710320084955783,-0.05687468113988625,0.24248275294196245,0.4544163216652926,0.06077919726098393,,-0.13671323655370501,0.7090494298061462,-0.35538105093045547,0.3728535369722641,-0.32052680857114174,0.04198470171841111,-0.1462325619413783,-0.3495691416536198,-0.20357934679184564,-0.17136521091047768,-0.2631227203624188,-0.279360767336015,-0.29418796973459294,0.11834326980300297,-0.1675616916668139,-0.34938943082232377,-0.43867912763304634,-0.30816288725418695,-0.23530493741793596,0.7041384492503503,0.044032644042619445,-0.23893714524389062,0.15142569871245828,0.4221698080009561,-0.1436972522516946,0.2802440922224714,-0.48821494606627014,-0.021555703298009595,-0.033815001455992415
0.15200766162705676,0.23537596165324828,0.17214292439685783,-0.2026992578922193,1.0,-0.2929338730275945,0.4243926987127967,-0.09809321444233468,0.6093289275258124,0.16376511944837646,-0.3155036163348459,-0.08758117191784928,0.1884700042039849,-0.19810208365679666,-0.11146415487243634,-0.10735520754408412,0.11981840955042085,0.3718599215861824,0.2541020301740729,0.23321739218997026,0.5248182553929597,0.5271651016439384,0.02985490410306469,-0.29032921074186185,0.7045428007290919,-0.15276537622289776,0.9268652491571913,-0.34218506460128656,0.11616163375136528,0.22423900796104237,0.23458196474475554,-0.28718941804845577,-0.12443219444528487,0.03638243046267525,0.16650310132383211,0.03287318079195792,-0.04821203684713813,0.2445524901991824,0.40746764852625506,-0.18948237090846556,-0.06041376782604186,0.06444686083525289,-0.15378654397877306,0.09788611676349689,-0.09258139637400074,0.014661991691346805,-0.44886312545490337,-0.07516323254377495,0.033928960891829826,-0.07908934897720221,-0.1188177009786305,-0.28608000477219553,0.018909377747907637,-0.2930879281548605,0.4125948948223793,-0.1787618196292772,-0.03365824314464335,-0.2313778848682098,0.1794080141158624,0.2877886435660035,0.3892318481093674,-0.29803014065735683,0.14524435737878685,0.2081982164648114,0.2561909126780611,-0.19900302274991868,0.5393327658764772,0.4264663609741865,-0.2698928779145537,-0.03814370924098666,-0.5426761947296702,0.04124898940893195,-0.24388746890468935,-0.34160696071168334,-0.2488211393913998,0.15599275365888016,-0.1641842231978408,0.08479291133650205,0.5261403837469192,0.00902529556392585,-0.02010573545951973,0.04580020714895201,0.2770995430727212,0.2116731853843608,-0.46893959489345316,-0.31547544355004553,,0.14865619598320418,-0.4484054909868915,-0.029861791024340424,-0.05436266732260458,0.14445463341763304,0.2090831243851731,0.19360262781239027,0.22382828518512826,0.14440341833366943,0.279066789737757,0.3100772041657875,-0.6982098819020248,0.0820215757265437,-0.3628086504801371,0.25756330313312426,0.030711357018557567,0.46725885678881596,0.31987148406770377,0.2892112849540309,0.042984601999022126,-0.006793715192926723,0.003375425630432024,0.14576210060414485,0.3125767043425238,-0.45227685454647004,-0.06388939953495192,0.12542987717580137,0.40220361782372654,-0.11759657419353681
-0.381140144864665,0.0059550156608817,0.19201866832142284,0.4713874995217648,-0.2929338730275945,1.0,0.23818618973115135,0.683532859976578,0.14418467586268452,0.6827796234569089,0.2510147280105807,0.516548131031018,0.13951573279292648,0.5269802496475197,0.39601082831110906,0.6607229440640232,-0.06297777109338698,0.09134405814461685,-0.10512579088593103,0.24899941441452686,-0.6682322726096249,-0.4446759079963349,-0.2886766692354232,0.4260551427950564,-0.024252582405882756,0.30323310022210354,-0.2414157043455024,0.7628591358786986,-0.044528378654784574,0.2834324711789442,-0.219927950593456,0.3109685696824881,-0.13419847453772882,0.3280925704810532,-0.01485036512002613,0.03526803753723936,0.04433143286886439,-0.5553244187522157,-0.023937912397475464,-0.1036727557549183,-0.04997030874443269,-0.3066646780891,-0.41196358033197544,-0.5844729417676617,-0.35490569295658925,-0.5377142887263296,-0.12031461908965191,-0.2319936924299002,0.2857310005551822,-0.5243827103185034,0.3349276675415364,-0.3456433156503474,-0.30010888248586154,-0.29619563872459564,-0.01214097941517117,-0.20844815186606352,-0.30699053014086103,-0.14058336759219434,-0.02390107515881719,-0.593344224705502,-0.4349623135912114,0.39684803003880553,-0.3271036520820313,0.013559659832684976,0.365782708834507,0.43275486131261093,-0.6885557347478932,-0.42438805847130623,-0.01450835236601234,-0.14699591629991068,-0.11887273630091288,-0.3305869417873416,0.1261020183636566,0.24513755610192114,0.32701503723783537,-0.4581038343034134,0.2531529943654173,0.2893187760452823,0.2632855758742204,-0.059362441722635315,-0.15414256171285567,-0.25403012111486395,-0.06621278267611898,0.2207846251744864,0.16450277841146538,-0.2518795762796503,,-0.2779120618284991,0.44633730655468085,-0.24994399367383513,0.4902808635342346,-0.03909092367501965,0.2974072993155327,-0.06675673799173958,-0.24532916589917858,-0.3231934161928633,-0.2493775920930166,-0.26337481014330644,0.05298573865128668,-0.13535291750847742,0.5563203052980892,-0.07171695447228556,0.038768818988633304,-0.12423282685302832,-0.1480629427770761,-0.19521204835304495,0.11121892076327915,0.031434821611549126,-0.22576731649187257,0.14765926192497072,-0.11548135489514451,-0.13328236822765335,0.3465524537698877,-0.039367535546621125,0.05732913475024657,0.011347739203525506
-0.2642204559442511,0.1770197192243889,0.8036576255047638,-0.24760501034905907,0.4243926987127967,0.23818618973115135,1.0,0.5223774083993302,0.8587239535492398,0.08047184824911105,0.36566499842093125,0.44705833887587715,0.7673102604583137,0.4659857668600517,0.41058301330623065,0.20307555993644816,-0.13750541873829084,-0.03646891931973899,-0.2836378583171017,-0.21323221506749132,-0.13348179589810213,0.2515851694348962,-0.44380800449595753,-0.19204601301277766,-0.004288728652261076,-0.3058153531034837,0.38858597300495673,0.41244744201656663,0.11007537995593829,0.4015707103666214,0.18605624076903765,0.10740002649667243,-0.1533342276725008,0.12812167157897686,0.14431462199324674,-0.15568707202699272,0.034628178706226614,-0.25348906194046505,0.4150753823383424,-0.0742721742372843,-0.02311883206009129,-0.03989944866358707,-0.7239394118894088,-0.587479522141779,-0.22925302641009979,-0.7247533363825001,-0.404976349523587,-0.4040811777484967,0.3756987989278542,-0.7665702715050768,-0.35180411219410634,-0.3637279541306456,-0.29171533355487317,-0.38068522165732754,0.16659403097232242,-0.08868384767841522,-0.2573496834184618,-0.2692592174328956,0.5513479149868558,-0.1882950114316639,0.2405796430746116,0.13017396847388918,-0.26509288880892634,0.2667558308710151,0.28198055215731405,-0.016237453039521975,0.055767579167825314,-0.0255131429292785,-0.19861041244699706,-0.20366242064394327,-0.404973970812544,-0.15340830111227619,-0.27984061040431024,-0.11176238390049639,-0.01834375303851985,0.24315060835439822,0.24186524831374606,0.26666394547508465,0.5273159789017338,-0.06765528513650258,-0.2552206560323916,-0.3962908392208318,0.35934917512542325,0.21706031311554377,-0.3784317162440412,-0.6650053281284082,,-0.06137872179640159,-0.34046643116449316,-0.23697353384465114,0.08337053660746079,0.5365099187439709,0.5803741781352268,0.34641946312819305,0.31190686033027326,0.16412069444841082,0.05875911567441344,0.07702818180485246,-0.2652912769514106,0.24743010830763396,0.2509303081388126,0.3040304825223233,0.20134077970282568,0.29918243323530946,0.3343883200349707,0.4624334612048907,0.030538714706687953,0.23816352632515184,0.11205853745146065,0.20387503401696008,-0.1439084152968827,-0.13248336326338483,0.2304953837596444,0.15754131567844604,0.2788831258490521,0.20554807957392826
-0.6428430408236665,0.014941267002426806,0.5925675232909208,0.5640800498376985,-0.09809321444233468,0.683532859976578,0.5223774083993302,1.0,0.26202349560267907,0.5002104571854887,0.230696279623192,0.8246677556584704,0.254703990417705,0.783673304076402,0.4166577492547702,0.7628189030432755,-0.557316796414918,-0.23984176358242348,-0.2176941983445912,-0.019925972475518337,-0.4186634963039044,-0.04503730990780022,-0.404599036850966,0.29467768837268066,-0.0022880484951464516,0.19419048234801503,0.023999172872278426,0.6668272714008748,-0.264172316009731,0.3708504671040355,-0.05664689457415143,0.4997902555814916,-0.32514560135773923,0.2337795279373309,0.16203336807925386,0.28278084897396816,0.04463492593293544,-0.489760135269014,0.07360903331023241,-0.10265604253734242,-0.014316849717408594,-0.302354584565846,-0.7138255245911695,-0.5848292165206539,-0.28077689934751837,-0.44324148821012077,-0.4692923493332919,-0.38498469760262727,0.6590817274071125,-0.608171059838148,0.3325572279414147,-0.5078507512757083,-0.46932686056307166,-0.5119859767471976,-0.16350130909514757,-0.4554991222008474,-0.6860465186271685,-0.4741898487396334,0.2700991936217353,-0.45211005994004205,-0.4516374198488603,0.6550800782539987,-0.7871200793897174,0.060001282058679765,0.47941641602493257,0.6252776790877733,-0.34546540781180185,0.06175264198333044,-0.2127951303451906,-0.3667993540723746,-0.35045032124553244,-0.1988287003359451,-0.1557972396851856,0.1329741065503313,0.21748253362831899,-0.2926208862008486,0.2822213044081934,0.5279464140393572,0.22279970629609455,-0.06450972781370584,-0.4159491755746242,-0.4737760545965318,0.1365876987087179,0.3834267480552899,0.23427353691149164,-0.3426516514958246,,-0.10608023219169302,0.37888662161246556,-0.30518334221793547,0.3612179599168366,0.040098984750418974,0.3180609428088324,-0.009115267063426703,-0.2611538440566779,-0.25741312349620427,-0.3473248877768886,-0.4184585078725261,-0.29313974545214067,-0.20530553147240227,0.35771579249264074,-0.01744812868285607,-0.20900899378171958,-0.3059686494614883,-0.2112704289845084,-0.11702217691953236,0.5489123141120501,0.03194654436245836,-0.26787411111864723,0.1671937142174003,-0.04316146804760539,-0.2695330419639149,0.32638145442072103,-0.4667450004894149,0.04767718362667176,-0.01415268655772017
0.10198565748575768,0.2778436184806388,0.47643744937145255,-0.3667361490848081,0.6093289275258124,0.14418467586268452,0.8587239535492398,0.26202349560267907,1.0,0.08074986116068804,0.1408546501635775,0.15206447987553007,0.6984489559658547,0.14561148204055438,0.20021079139135156,-0.03790757714853142,0.020535048584928654,0.07025320477305877,-0.18293005422411254,-0.04347009229083244,-0.10338834413260975,0.27033125061760716,-0.4748969342290225,-0.3563820689740169,0.2099626291146667,-0.23926825775988733,0.5548213782569846,0.2628539343227484,0.10000035064341656,0.3121964258867606,0.021943081746031365,-0.22987274854730724,-9.082647262632469e-05,0.14022548654079242,0.14879623397414898,-0.2179439357807199,0.10958053082948213,-0.041632640573962994,0.4550405895801376,-0.14975240296987835,-0.055993643983960145,0.013880807488671952,-0.4761848279510757,-0.4269503422787777,-0.07343985827335058,-0.5372468429044234,-0.28929955995297735,-0.07209591938046418,0.28364182269941324,-0.4794422376833579,-0.2697231116234221,-0.1733502734955559,-0.033055434226698745,-0.2677124291002202,0.3402850837094927,0.06859099454189752,0.027500127011130415,-0.1488187060427129,0.48907476698992597,0.10810669709710245,0.37199444897402817,-0.10988023779001999,-0.0562861499585669,0.2924198081988176,0.14376174292210733,-0.08141690814659733,0.28793717723231455,-0.0006027863390832045,-0.11605757138156204,0.02171526465660179,-0.3597370031946641,-0.10122459453880023,-0.17170600904281205,0.01822211859271518,-0.06826695396250733,0.13605980583523689,0.11438358412238493,0.13794356459336024,0.5271205940250514,-0.17622609434680125,-0.2025847483379646,-0.3105149765033807,0.22195399077544933,0.09849707384156635,-0.5663602040699385,-0.4470715759871734,,0.17945774226115105,-0.3582242591240094,0.05498629064670419,0.00850035527190509,0.29007305412874257,0.33685036954509606,0.2845266187394662,0.22159290736334342,0.10268201097036872,0.12500366894524667,0.12636402880885558,-0.35181586772853324,0.06614963324610328,-0.009841644195075654,0.23215153802558477,0.13403928768066223,0.335766412864925,0.36715297185391527,0.3643149239213176,-0.06958118109572055,0.168522289418229,0.019834544052527835,0.2174865144699011,-0.0614214269458188,-0.37605963466245623,-0.05756103220621535,0.1618714254081006,0.20463735525721805,0.0866624256431547
-0.34819660591779356,0.22001045112112294,-0.05228975553297317,0.5416874237869871,0.16376511944837646,0.6827796234569089,0.08047184824911105,0.5002104571854887,0.08074986116068804,1.0,-0.2122734655035356,0.36547566196759984,-0.27008507549247346,0.1569707460186577,0.0964542540343994,0.5980231949497704,0.030669861223009503,0.45633970800450124,0.4128686855108752,0.6805291571282539,-0.282470689158157,0.029392612541427544,-0.1181332213427802,0.1495433031885337,0.3303256844885,0.22669912332800873,0.15004288660746087,0.2684029921613544,0.14428070934928228,0.47659177698468047,-0.04764986883666997,0.2031300815535532,-0.255077568666182,0.43269938276570924,0.04694032635408228,0.3372103517613613,0.15077288236172942,-0.17554845824975618,0.11789620455885559,0.01745913324389967,0.08762891106179624,-0.27241741421879384,-0.36947721034410597,-0.22190992580728128,-0.5561367120719125,-0.1708575632779026,-0.45180410009971084,-0.014643232524729625,0.14105699126334764,-0.3508285353707057,0.3700978572081749,-0.6274311668303124,-0.271429093512574,-0.5257353028937278,0.15967943927090134,-0.45166405451002717,-0.45942733370598354,-0.23377341955532058,-0.23345655666965906,-0.327128177736969,-0.5819881908999898,0.12001186275365817,-0.3339287984450862,-0.02648181945154614,0.42629218272685127,0.31616070940047225,-0.38166308509038166,0.02724872621400631,-0.2670857590448058,-0.08528620149938654,-0.20400573532118063,0.05992276842854185,0.11788761861279574,0.14189921250539814,0.4075860226689917,-0.3266511881764025,0.24238688304534908,0.5136753630973817,0.5104970934023593,0.08722813053800622,-0.1489673924360118,-0.1786573291383061,0.2721348524474395,0.5748596046888356,0.08985404815075371,-0.34643240596459396,,-0.04256507481646072,0.40156001585159723,-0.21869501803883215,0.4685759969187509,-0.1692556432079,0.27523840168161967,0.052056379384432146,-0.2729994643237763,-0.20307313677279354,-0.0036782073410855476,0.04938222895317332,-0.4621460284658313,-0.06632328464620081,0.4498768089484854,0.10423845681795892,0.07361370473585929,-0.010425136247614541,-0.017781998329416047,-0.20833598441202159,0.28171224437368675,-0.0038408248879310395,-0.15689418551249928,0.3467518780966786,0.38489415129805543,-0.3742409488248157,0.30266721738504554,-0.10214972498134,0.2637658771867359,-0.0009568600639784353
-0.42102932623973205,-0.5941685342344177,0.556073747258661,-0.2160351838762628,-0.3155036163348459,0.2510147280105807,0.36566499842093125,0.230696279623192,0.1408546501635775,-0.2122734655035356,1.0,0.21908097559943626,0.7302641290826452,0.5639264272718544,0.8029058168609882,0.22703894563623944,-0.20837862649388056,-0.27708025457247026,-0.6311728248494867,-0.6688028630140479,-0.5179848517932122,-0.3548786043951233,0.02059246892834675,0.25249137522408976,-0.38646583203492085,0.2381296889683742,-0.3365745512872265,0.4806320250847333,0.03493438215318326,0.08776329666428653,0.10349385506797057,0.35496545308905675,0.1364264596479583,-0.15046971664278413,-0.1856638986741589,-0.32746336406562554,-0.4267729278142729,-0.5350675276355965,0.11624412816024618,-0.2593167299348485,-0.2755756838360622,-0.25677913625529825,-0.23621762702955998,-0.588979568457449,0.20859488210366714,-0.5962743936951451,0.28506300169751086,-0.41372928710964585,0.17601261524980535,-0.47074610736260813,-0.11681186131741574,0.1228461174931462,-0.05620065096870935,0.135630082642075,-0.023852608722277322,0.2589576799032289,0.18685243903000204,0.07808778778158655,0.46005396686813266,-0.5034200927246355,0.21937445285458274,0.09146421115042337,-0.17542560037798074,-0.4080087124997783,-0.204112403602108,-0.12743668328094135,-0.37352534571295576,-0.31601520825277635,0.07696754516927075,-0.07710366975858186,0.08837094327187646,-0.37447659175854364,-0.09358816403576141,-0.15407315422490625,-0.05299067979814794,-0.11538166751308668,-0.21217750376558064,-0.21832803912494417,-0.08219734140280043,0.2426950460122714,0.15191350863503433,0.15952508803443585,-0.2329800629823821,-0.09431172180146687,0.29214142729431425,-0.24883454514100678,,-0.47986315022843407,-0.3284794443463741,-0.1542525056715371,0.06440969628467365,0.18543479696791626,0.17445440830584327,-0.326289079706639,0.06918358383931937,0.011188782709944212,-0.3889251251196686,-0.3875178962365004,0.47621935127647225,0.12178422956437004,0.3741691109686879,-0.17792567689619487,-0.18590425532284233,0.08276917898210212,-0.2879777473747689,0.26254644912973335,-0.21137671740700678,0.28744780980084883,-0.009183396728098394,-0.24825242846458367,-0.6452489519280857,0.33523791371830974,-0.06955621128173646,0.22745985403782912,0.15964651102151642,-0.19547822521702252
-0.8388378753562951,0.05185485884717541,0.6283181965300971,0.534234494739176,-0.08758117191784928,0.516548131031018,0.44705833887587715,0.8246677556584704,0.15206447987553007,0.36547566196759984,0.21908097559943626,1.0,0.1989869720779408,0.8618405825149027,0.5712542572331721,0.8522651227102289,-0.5585816783140681,-0.21240862747136235,-0.370482578596203,-0.1835072420816342,-0.1893464054096879,-0.04207422504065009,-0.008013472326096343,0.2310651317049839,0.04178394205214933,0.015546185329224095,-0.05253307596504387,0.45360165520914486,-0.15514667699183968,0.5082183004633685,0.25725623317418633,0.6589255310441203,-0.5182158438724417,-0.10426097563722482,-0.05271174279381978,-0.031250182127795775,-0.10089955808310744,-0.634972654112193,-0.23969452320232754,-0.030128161265187338,0.22760501559438293,-0.09948748934145539,-0.8384084466033812,-0.6482943027051036,-0.5426796361200223,-0.40183686697029053,-0.6137056954206734,-0.5478843438098365,0.3222081236969873,-0.6098832293909584,0.13339245236064123,-0.7041039341786012,-0.5484823393405577,-0.6496041116144607,-0.24258385361103096,-0.5097523139019721,-0.7493229390516125,-0.5192699897436005,0.17701315727908978,-0.6059455051496284,-0.42293527485160953,0.6187048433776685,-0.6065335839933774,0.2791053883313513,0.6999612409189693,0.4646145472644789,-0.5014501748461246,-0.12035821642291616,-0.44717114897544336,-0.612490272266972,-0.0644524390265984,0.027902455321118985,0.059993770749325596,0.3250593950296319,0.4550885362321474,-0.04429213473394124,0.48215717701984057,0.6786103862241932,0.1925246291732919,0.22928296958864605,-0.3579429216870296,-0.2842553607124557,0.1483978001307633,0.42151974931559233,0.4412407763127548,-0.23764956079146485,,-0.4364371407572436,0.1838182793867875,-0.4377730605349172,0.5080125583017153,0.3064628280669362,0.4962298219601788,0.219953940416771,0.016349734191371243,0.030546949170156632,-0.27295575200121913,-0.12445546015986851,-0.21794322068185712,0.11846188312902486,0.2602409105839939,0.15162764614672125,-0.03940111025821129,-0.2034949678791937,0.03597683289837866,0.16601058207618058,0.46454603140374234,0.11125105924368868,-0.009335822211275973,0.33634909917535827,-0.03753986671056221,-0.0450663897373204,0.4882500333206687,-0.4176944706134284,0.2212902799863153,0.08649106366899027
-0.18390104298515414,-0.215206799038317,0.6684833841099432,-0.43763670336487476,0.1884700042039849,0.13951573279292648,0.7673102604583137,0.254703990417705,0.6984489559658547,-0.27008507549247346,0.7302641290826452,0.1989869720779408,1.0,0.4851254868090861,0.5985830711545811,0.04320669506547046,-0.12237915738010097,-0.20357840313844056,-0.6449878556635603,-0.5903549326200797,-0.24952223717118857,-0.057119702803046554,-0.31422178015700875,-0.08134820105561842,-0.05696529132201722,-0.04265853866973855,0.15380318487528052,0.39734266849397565,0.044228789739238376,0.19210235624805594,0.1581311219196849,0.09182221079393654,0.09571857609695436,-0.09002589832757155,-0.02112769911021698,-0.4202715522538509,-0.21183494305657913,-0.36406219397949136,0.3659696327889685,-0.2561168077960425,-0.23020804094893493,-0.05617164245951494,-0.3820750218798593,-0.5773835352178541,0.16478442709544142,-0.7058075126723085,0.06463619304280276,-0.36947252047800183,0.3345189161126093,-0.5494654358325047,-0.317581570930835,0.04747405088815385,-0.10266632512432483,-0.055570435688754805,0.20241053385825206,0.23651690850072338,0.16791581372264353,-0.060047042222334035,0.6933901031700328,-0.21139739184307596,0.5251306862896663,0.041995970975240465,-0.09622992248126296,-0.022453268381578288,-0.03935786900276866,-0.12977694289855862,0.005001931490112357,-0.21130781491125486,-0.022344751920834523,-0.14156589655078763,-0.19353660502026085,-0.32628468321950505,-0.2235313097839375,-0.20304465359266224,-0.16332143331562501,0.0847339400779334,-0.17087476890919664,-0.19440145053332958,0.1821162176175858,0.0564693197953548,-0.039212764628901664,-0.06849963855181224,-0.06132872098910057,-0.09402150433000876,-0.20488963573150398,-0.383549219129344,,-0.19129907430821622,-0.4968824418146081,-0.08199608901970455,-0.05125698622287687,0.3830413243619124,0.3322290238465996,-0.041921262521514104,0.22187302850161908,0.10230473526602209,-0.11627460378577767,-0.18262651916600778,0.11666826936667464,0.15383643899678803,0.1331597209904726,0.06749820703232046,-0.06537130078331756,0.3100485287806941,0.060738089148884636,0.4481530481447832,-0.2725455443688601,0.16161856509190065,0.022497629876185678,-0.09730423572466575,-0.5220209445678746,-0.0088355083894678,-0.06910337168481945,0.2631081099742786,0.28438499555384034,-0.05173324548800094
-0.8245237960743664,-0.20410010751321284,0.7140404899688184,0.3934026127175999,-0.19810208365679666,0.5269802496475197,0.4659857668600517,0.783673304076402,0.14561148204055438,0.1569707460186577,0.5639264272718544,0.8618405825149027,0.4851254868090861,1.0,0.7734268463172778,0.7948490450745485,-0.5857048692935708,-0.3617448319458743,-0.5380298871886271,-0.42089470294079057,-0.31216080203608526,-0.23431901575503913,-0.01761471433158191,0.4193352345728023,-0.028741270281211283,0.16796138495898794,-0.1806977480455654,0.5285444439543604,-0.18562434762919958,0.37411809710244714,0.2950836617595697,0.7146209244135305,-0.443523888480731,-0.21489263932209143,-0.19450629525059476,-0.18318864284824465,-0.22654788650577548,-0.6973795297736815,-0.08885775435231194,-0.061442719776209485,0.06991001906546561,-0.15385798804528703,-0.6838098261645035,-0.6611316705076439,-0.2610948427593142,-0.5216853205332276,-0.3244361482282348,-0.6456289607231842,0.3485816035302106,-0.6262475127458198,0.07987279975541732,-0.4248657388099141,-0.45120296316070024,-0.41690945236396526,-0.13275221113168603,-0.24522971535465268,-0.5497416775952991,-0.5076131586531971,0.3194810907599686,-0.7210449004218313,-0.20938589134518426,0.5225126515177252,-0.5618792103368723,-0.005653502273265431,0.4812095612137099,0.31362336306479066,-0.5577687574665294,-0.22493678671489045,-0.40828249598720395,-0.6227486608123407,-0.10851664114153034,-0.23803895786443166,-0.1230608148200371,0.12826762610957315,0.19199824277225389,-0.12004522824261418,0.15263301815335073,0.30279443302595166,0.08388308326559188,0.22637197724657346,-0.1744388680470788,-0.09110834649678143,-0.013342369366360044,0.28971918237949307,0.48095004148598336,-0.2561705868063017,,-0.529692886794416,0.012212158945410875,-0.37458639497088897,0.45370873353372704,0.29197753884628946,0.3923051675807524,-0.013161524727674945,-0.041422671192179523,-0.01348721726421732,-0.40368611437160307,-0.3466686906852116,0.03443742353543121,0.0791266058612898,0.2576919824673287,0.08607456905760738,-0.18681066049926448,-0.08941425633848446,-0.15623416277905225,0.20363097666507526,0.231394295726616,0.02299683869574537,-0.043979960883146825,0.10358794121278034,-0.3386696742892794,0.06526375252094536,0.35430812056615546,-0.2825219318750547,0.29538916824679523,-0.06713442420044412
-0.696191594331372,-0.308471461641923,0.572957164884054,0.0801207353516191,-0.11146415487243634,0.39601082831110906,0.41058301330623065,0.4166577492547702,0.20021079139135156,0.0964542540343994,0.8029058168609882,0.5712542572331721,0.5985830711545811,0.7734268463172778,1.0,0.623060328817266,-0.35997590206901103,-0.10998119949118769,-0.5455265709506849,-0.4749458376361403,-0.4020858351536711,-0.30739197833373916,0.26275887377124774,0.3637962699197104,-0.09908019520301824,0.3018596565680654,-0.19758740199003857,0.4429594269121327,-0.03101818447495067,0.4215448370509233,0.28762292366522785,0.5163335596469537,-0.2579663947715739,-0.40605550385471073,-0.418943948451996,-0.44882470525357687,-0.5085656376648837,-0.7000192694111685,-0.03419711707377349,-0.18702292779219312,0.06533874578116136,-0.1839793603070036,-0.5411286805796384,-0.7098403614337332,-0.13146893676601415,-0.615610232223381,-0.1203969501072878,-0.575482179144158,0.06791457260871184,-0.5687921122208982,-0.0723132161514737,-0.27428820406851057,-0.09245864985392076,-0.21780677644846744,0.1577322342123983,0.08349464983436788,-0.15090235722061227,-0.27917169703041966,0.31093419982393106,-0.6321536809358002,0.01198406602336555,0.10272666858407901,-0.2233286688875071,-0.2656923311782425,0.2244590417171069,-0.10816562214572487,-0.5050066079773916,-0.34586211101707637,-0.3351832268278279,-0.3113913911722814,0.03663654273828714,-0.21544491743693048,-0.000553769576786722,0.08481549462263585,0.2387692738773941,-0.12519031257697344,-0.08250082285002032,0.07471333955360536,0.18028427595495186,0.47498313898500927,0.2076268208589436,0.31329423946044743,-0.018535022092182673,0.32249526968576714,0.48272352929210977,-0.30616380778056757,,-0.6140550364304199,-0.37570249536646977,-0.22526471826094374,0.45448021281369394,0.25746710203859574,0.3467357925468912,-0.12743992794771947,0.11866133685104548,0.13035587599140958,-0.4513490734491368,-0.23910035159034257,0.20610647377011485,0.19369294713305138,0.2861137531280373,0.006282619058994826,-0.15717015492458264,0.16907793084828746,-0.060975183287734824,0.40355789581751433,-0.00955661131784111,0.20484837885405913,0.14600131481429232,-0.0017455873464667369,-0.5054330006851084,0.16358997562028896,0.15750259976614567,0.08333606480128314,0.47183841331401005,-0.14063637237386603
-0.8544511188579014,-0.07924323574079314,0.4098606929005654,0.7162839737901321,-0.10735520754408412,0.6607229440640232,0.20307555993644816,0.7628189030432755,-0.03790757714853142,0.5980231949497704,0.22703894563623944,0.8522651227102289,0.04320669506547046,0.7948490450745485,0.623060328817266,1.0,-0.4695406677204687,-0.046910489051041074,-0.18842856378479778,-0.01571693318436169,-0.3077759994329238,-0.18588820198875505,0.18603786514989604,0.4763244429137473,0.20949333197166367,0.3759282866539766,-0.0650351547140443,0.4835005281759889,-0.1996366484951816,0.5175863658066362,0.21715614624749413,0.71718454307728,-0.5739369690401629,-0.08771654998055446,-0.14546151708331015,0.0962144242392632,-0.11243705020125927,-0.5772792411926801,-0.08123563286623173,-0.057632895922528314,0.05151134672014986,-0.3950911818876751,-0.6778436726214562,-0.49094258445539773,-0.5195941886252508,-0.31901056215791623,-0.5913807094660783,-0.49873920529305515,0.24651075885055773,-0.5367305964424416,0.3074948229891353,-0.7067473278646487,-0.4737023631475904,-0.5632786280000688,-0.07888946582429476,-0.454563137815288,-0.7319460070004747,-0.6219774347470545,-0.08092401512477554,-0.6980148442278046,-0.5762257491760674,0.46119641189332294,-0.5337784088295925,-0.05924462160836244,0.6257630445807245,0.4301073057486801,-0.5986166148178186,-0.05407863119141331,-0.4950680272913403,-0.5529967021545624,-0.13510540539950278,-0.08809984996270705,-0.029326591732233946,0.18752965427960164,0.3684279676826466,-0.24923106397335834,0.2335367353943424,0.5528491514845038,0.2600324042314671,0.36426955749575096,-0.10706598545140583,-0.016697294251336956,0.10150671678357395,0.5538240263185218,0.594067929200408,-0.26240466878654245,,-0.479681632797021,0.28499527125104457,-0.4436246408976799,0.5435729713425608,0.06187904459701744,0.36492493142112276,0.011332971146232643,-0.17997319812776652,0.018360173809537937,-0.3199509684608197,-0.2150449562294277,-0.26988397739550524,0.041772478945466256,0.31131375104244274,0.03515181994813887,-0.18471031059364523,-0.15770352342640626,-0.09359261367320547,0.08536435103178949,0.4698156274222601,0.14724022742135928,-0.040004611010970116,0.33126792372019837,0.050488529164730074,-0.05103505325853084,0.4627402816508444,-0.31749074444959746,0.3863777261658782,-0.007905226721087809
0.5510726377402103,0.32199597588435885,-0.34313303952564,-0.5387307053013539,0.11981840955042085,-0.06297777109338698,-0.13750541873829084,-0.557316796414918,0.020535048584928654,0.030669861223009503,-0.20837862649388056,-0.5585816783140681,-0.12237915738010097,-0.5857048692935708,-0.35997590206901103,-0.4695406677204687,1.0,0.7019232713927309,0.30749754376828703,0.35302739495290036,0.13112291768623702,0.04728435359579165,-0.04649165288113915,-0.3541797065602827,0.04861183752513776,-0.22810148004812275,-0.0015198524383852317,-0.20111277629013258,0.6316571324523843,0.05885655645795485,0.0813581678859549,-0.32525723443660837,0.3980677494219351,0.3889917990118764,-0.03238896713624569,-0.13606933235695798,0.07732623274400775,0.2183389180188251,0.09075470465311812,0.08090186975183697,-0.03118311581871978,0.2281880875141495,0.3503733156530707,0.2807342867903953,-0.1499336471328509,-0.10036431160147412,0.28032174766035706,0.11303158831954685,-0.3605999056938089,-0.011841192076723852,-0.44785221547311405,0.13693288070275894,-0.009786871393354216,0.20075659111708233,0.08352641675397536,0.11901160195604213,0.5029059051553444,0.5569525123713832,-0.2707684554878529,0.1304322989826783,0.27663663273100164,-0.3995647307331389,0.70133397088126,0.19782824236378957,-0.2167579091613122,-0.4121461183291913,0.008446094765687214,-0.3294802609012115,0.31258520460297623,0.43133753248235235,0.13312171347364532,0.061209231690798185,0.29375918407244117,-0.2164031620217266,0.11171444722099313,0.2043350928254163,-0.07078286536942587,-0.20780873017102047,0.4250561763133063,0.06694008741481927,0.3291615532493893,0.12273756766649872,0.10871222635588812,-0.03915840671507218,-0.4979589781741541,-0.1943009184699619,,0.027634094401618525,-0.1930929215845351,-0.03115408011373679,-0.3625207369647398,0.14506655459336978,-0.030686511618129984,0.13718633897878788,0.26549764576242024,0.14781672727390305,0.48044773265992163,0.3906509314987388,0.08417523308407591,0.2790199151827296,0.044728392033421535,0.028091956039284483,0.4402347582573528,0.3103628032570984,0.3964990804364971,0.06599266677342458,-0.6454062667974412,-0.008980864234527859,0.27498885280751967,-0.0926717804078396,-0.037124562158007274,0.034978650473348326,-0.01725881928542247,0.5489849825319735,0.12728583057026155,0.13244820891608505
