1.0,0.4994372079094037,-0.6087431809212773,0.26292930334553816,-0.33611731523933935,-0.11843492897756983,-0.4844022241326581,-0.15572608475591632,-0.503383683120178,-0.005701054925509329,0.3833968419566835,0.44657404341610424,-0.19890947053987565,0.21559973951265296,-0.4543387975624938,0.2765405725500054,0.4406445347009705,0.479596516101611,-0.19274786321015755,0.23627768642843563,-0.12467829054555693,-0.13650614253984053,-0.4440035838584235,-0.1346571322217875,-0.4392471433322412,0.04081637505394233,0.030820267087025864,0.05156443893290815,-0.014693620977410799,0.5037787177524697,-0.4519202281001345,-0.301362959477215,0.4912257510669157,0.25304701749628544,-0.036683527356636506,0.14469115590585677,0.11079652659227654,0.1834427311372614,-0.07700168773231768,-0.014969444546731374,0.1398351674539497,0.16318871029100768,-0.05596529050143642,0.16096634341219648,0.27869737527311816,0.1774898981481567,0.06618331665316549,-0.07228873757809647,0.08087234377468157,0.3359341198518273,-0.16649749409022432,0.06151389410906484,0.10385807901520827,0.10342701629459641,0.04356835090322797,-0.18750644582516782,0.5952112986112106,0.5596308697824692,0.23880972419174384,-0.09330555536548935,0.4373280328474751,0.0489120932874557,0.5782476504851416,0.4426685672688357,0.07513682104384697,0.048115210608951776,0.007766019618060959,-0.3278327433548846,0.3038363298529586,0.2191322774754477,0.17526112775613056,-0.07037105055581663,0.29891750567933445,-0.13913477367453195,0.05844235881550088,-0.2857397924357385,-0.052686916129129284,-0.2900008008115399,-0.07313096865410595,0.4657151019294932,-0.0929948661459505,0.189079410245637,-0.12761939906242759,0.2791614895883241,0.13582417824753712,0.13149015117542115,,0.38908064440441215,0.3572819797076055,0.0904303748305936,-0.2046548711445204,-0.46911485555903865,-0.5799328853759126,-0.41896993820267897,0.033540498426346155,-0.32980810851308706,-0.28668390009567934,-0.3752137231097125,-0.2702533888320861,-0.7313812573080858,-0.4086390373011757,-0.46923702664108113,-0.31862553448553316,-0.4927157949403703,-0.41619496671623585,-0.750865001682458,-0.020643044782656005,-0.3583464768090772,-0.2263880295260053,0.17693360931075341,-0.24853690704376485,-0.5267060619380266,-0.6281306707981966,-0.5222464109730764,-0.48346785979375606,-0.33875675953614753
0.4994372079094037,1.0,-0.32058214469778584,-0.06440501952015106,-0.4755671235538624,0.1911030190103757,0.028802320108687288,0.3400078840771357,-0.1482671509185952,0.13851416844349612,0.03252420708276219,0.5719803517806584,0.23219539200280606,0.5051165268277612,-0.05756061172089393,0.2558439621798303,0.2527888705831137,0.32334344222533773,0.1949560959144221,0.47021534612579496,-0.30973667267137167,-0.5226642062540227,-0.6557990271430841,-0.5226671129040206,-0.12256502621711055,-0.3814181854707035,-0.3028727969577984,0.0387724944335952,0.26064644139764925,0.49825074192001656,-0.42514572351075536,-0.4310265747754815,0.3031466927564904,0.27864724144062153,-0.06139630205370756,-0.10909061374515183,0.047577759028477586,0.1471572898989733,-0.3225110769402907,0.3352556641790668,0.21224679543617261,0.05489165218156734,-0.4591122703325514,0.151204034518637,0.15547777072504426,0.12832418734867881,-0.2761884290685629,0.2374973575717736,-0.20632354850888718,0.11132174360044113,-0.23681040279406237,0.07259764420742382,-0.31712739733763556,-0.21839907537002445,-0.34930256562817014,-0.23049226501923295,-0.01548221152600075,0.5701137879898871,-0.14870527859406318,0.2821491929642222,-0.20611413256024488,0.4132291505259702,-0.08813661217630933,0.17919137371633723,0.29517860296064796,-0.04125887809253298,0.004958428441377876,-0.10591170300824623,0.39576525522800476,0.5370411505313556,0.49810391206497207,0.11667485098347449,0.7041406510653333,0.5480696235571044,0.5545021345128881,-0.4004188813252874,0.4824355880281793,0.4807387149360457,0.08130537580869363,0.1842524304168839,-0.13604455196885007,-0.15215597932593872,-0.005291837346705869,0.2078447112890522,-0.5375181904397494,-0.07147710046886825,,-0.396245251971924,-0.11544161065621719,0.035314264092452044,-0.39536790460577076,-0.4920106526168226,-0.6413432620247458,-0.3986411559777864,-0.16935460890955037,-0.10042898906510918,-0.06723006111260349,-0.1497925869029525,-0.4183530198702756,-0.45326921739104264,-0.591729444402383,-0.35454474875931674,-0.31740082319077306,-0.49988116600456406,-0.35732090621904283,-0.6296270120171267,0.1293410251453989,-0.4972023421246368,-0.08540772666087118,0.2952523939790695,0.14325409789196789,-0.5627430164792141,-0.5490359542182212,-0.4556813976836052,-0.631241696684431,-0.6805359906409264
-0.6087431809212773,-0.32058214469778584,1.0,-0.6944452521111071,0.4819227496050058,-0.20949715919768977,0.8271999436816126,0.30254840122138366,0.6329581563092658,-0.12654898845802903,-0.2257936598708094,-0.16266153148378854,0.4137170136633763,0.29754739526297797,0.14247991474428243,-0.3814127738510934,-0.08979019590164798,0.14827393147218007,0.5586377414888627,0.10512124809671324,0.016736013197006062,-0.0601676145998517,0.33591480478792485,0.1580819306387535,0.0687885726327099,-0.4678885603036214,-0.27172603636389603,-0.5656465355062862,0.5122240935882693,0.04413867872647681,0.817528130464999,0.5439606224288683,-0.4543312025253459,0.04303312872610918,-0.31511186406418307,-0.011038072153232945,-0.6164359570743198,-0.5980620227488511,-0.5454110757383331,-0.2642390149535821,-0.40072353496596513,-0.45869472715927934,-0.32590331857313243,0.14461602406271762,-0.5112648327612361,0.0733975514044071,-0.4760490609705165,0.15542690189349423,-0.384159646447166,-0.36271175331801736,-0.31619844818283477,-0.59402957241094,-0.28395058033315845,-0.2047158952686684,-0.22495495903221333,-0.33482302204330094,-0.5617849547611111,-0.5372444792553341,-0.04215158595049893,-0.30815852852456915,-0.09573399774937065,-0.07416622745974476,-0.10898335095588997,-0.2425441028304432,0.03270516908274128,-0.3636540543233936,-0.36732598793146287,0.12906202330842478,-0.6390319716417934,-0.3420448940733776,-0.033990393608664404,-0.1689211316270692,-0.16519944584602936,-0.21815962529663013,-0.24444691171372607,0.360444172443106,-0.003467166516410813,0.15565818094884906,0.09000857344167652,0.2027809454452216,0.0966306000010187,-0.11586368410890836,-0.4172356809355557,-0.008259813253833006,-0.3011775651086115,-0.4664904108559723,,-0.3057813205046701,-0.17978803127813778,-0.17719124209266066,0.2561038113688244,0.5887922046827215,0.5067286431616042,0.6454833323530339,-0.2861530076273438,-0.07886132095184471,-0.08763472585725214,0.20178971475947735,-0.1473198908522381,0.6897507243330881,0.45219466707970385,0.7243616635889886,0.4066768933223022,0.6956481514416856,0.29003898445717424,0.45798238398572666,-0.3933127587603532,-0.11216146527318836,-0.17680055150217813,-0.10930699444144217,0.27078245817483787,0.264628249134467,0.5196104457675832,0.6773951048763303,0.017002722243365728,0.17187118323230738
0.26292930334553816,-0.06440501952015106,-0.6944452521111071,1.0,-0.16635376920263145,0.3656097711666986,-0.5709702758960808,-0.02190351633631701,-0.31442843018058697,0.37225195738924755,0.2356269990935134,0.09464107208398148,-0.18215585201264825,-0.25800850850750334,0.24668809653732707,0.5112728758759655,-0.15252212845626795,-0.34795916905422297,-0.3771048343220434,-0.23883789634946162,0.2687989844886029,0.31120026720101923,0.03192858151149555,0.08799541606307786,0.11997523965069938,0.7202413420681705,0.49394071918946203,0.662830713500856,-0.6373763422273131,-0.34962113798147226,-0.4346479876587823,-0.26055038011388343,0.1035039195169752,-0.11559256760119771,0.3071534328886851,0.29470502816159844,0.4079060655044356,0.2886766413216812,0.592091538267525,-0.02001919152365631,0.07442214589496468,0.12405412745750181,0.16966319666029253,-0.21346026864210432,0.4925102704680953,0.04669777271434296,0.22617957340622402,-0.2619366567903356,0.4767379959421566,0.29391220527058487,0.44149482267649215,0.4390554638020248,0.29402632962521463,0.04966825046094352,0.12383524434664994,0.09051185328944529,0.43373513632619554,0.14031851982075708,-0.031266857142571824,0.31026354583974525,0.06374657425059817,-0.059210772066807874,-0.040529347688084645,-0.1692948262546451,-0.34744210837227935,0.4348998915462236,0.4807662201732936,0.2587343676387214,0.5240688539629497,0.23563595698902118,-0.34326395432029666,-0.05239621275870345,-0.2763340569419662,-0.1547234486707221,-0.00917958873759216,-0.5227627241582531,-0.4206364787584846,-0.2889522650275931,-0.09176702498732053,-0.3910227591442662,-0.027197677917896648,0.06271984049789399,0.3245605536236457,-0.1506514140919976,0.43204762336854946,0.3313581247674051,,0.32594463874783186,0.3648854764098939,-0.017133688817245318,-0.22049491812147218,-0.39250732399214666,-0.2292565124660254,-0.46692771443043246,0.24973061534566712,0.11317165187161381,-0.10864527490535895,-0.28083700226694364,0.26964425123113483,-0.48937008840320534,-0.2835387504992631,-0.6491608470468442,-0.35161537264735276,-0.45751770132545627,-0.23729082319943454,-0.0562094973700423,0.1304478034807861,0.4690560332208444,0.2365222274773802,-0.22935387072473024,-0.584496059499576,-0.04859695521427543,-0.38552952060485585,-0.4087852174571759,0.2672869510556408,0.19528494071302246
-0.33611731523933935,-0.4755671235538624,0.4819227496050058,-0.16635376920263145,1.0,-0.006592864290117502,0.41203405131280446,0.09689139738291437,0.6035724160452604,0.274952422591281,-0.34670607368910494,-0.3033844348360847,0.15627623936166468,-0.0278407667423573,0.15837595342748273,-0.13966753125324546,0.07043308955038004,-0.02932175340686002,0.06207718602782111,-0.12302177611038623,0.2674466961555528,0.07011475231616336,0.28365455609932866,0.41271468735992856,0.28855845509597305,0.1482561547637837,0.43024222714882887,-0.23167652507873118,-0.0010654943816841831,-0.2582414461888663,0.6517633631710898,0.4974567009032374,-0.3741288598078552,-0.02786114237489524,-0.643420121634681,-0.25557709356069147,-0.4189470228770049,-0.5749140688704727,-0.17349911427740747,-0.5426445445785482,-0.5335875009567219,-0.5331523142985666,0.0660558357038462,-0.04354839865636846,0.04825823557445875,0.09576350426712443,0.0891410601835679,-0.13023227683858843,0.12775774318155403,-0.0324981473050646,-0.08127790675467583,-0.18809975191975764,0.3827362552643558,0.1301713715705939,0.2556867221773046,0.029953045345423278,-0.21083593325224315,-0.5868414077454713,0.18431343643069859,-0.323345560363765,0.1660382892732357,-0.37861892629835814,0.15358908265235238,-0.21048333756690676,-0.23239388700951555,-0.07703987391151568,-0.12624075588865902,0.2129466208854218,-0.6108945462729883,-0.3513607130936723,-0.4172789195423932,-0.3740130188072889,-0.5037558343417171,-0.5513100154012361,-0.5110932451294352,-0.12408684307299327,-0.4471943404586014,-0.48223872530071804,0.15703323508132286,0.0978927165379452,-0.029482421523114442,-0.31105243040369945,-0.31792894626471935,0.0015742230123902095,-0.0790087195989126,-0.2349793077634212,,0.2322638131302046,0.2525792242519135,-0.1968983108757215,0.4584363898905541,0.6353053893195622,0.7307507904923973,0.5598306835149628,-0.5123796124283986,-0.19547908021189186,-0.46437642165185705,-0.2285408789577936,0.41982577345320027,0.5429023482854327,0.6592228479506278,0.6405440256127324,0.4537859241417761,0.6697136596369433,0.20561876858837383,0.6218759723823398,-0.46012402128562335,0.1659162184934083,-0.15210333430785983,-0.5388909886863101,-0.30672887332484283,0.41055010249785095,0.4240948886647252,0.527588785837262,0.40480823812974764,0.7393576610024559
-0.11843492897756983,0.1911030190103757,-0.20949715919768977,0.3656097711666986,-0.006592864290117502,1.0,0.1268331930379338,0.5475463727343166,0.12453832585349561,0.7479064314287247,-0.07623947072939503,-0.1297879423489021,0.6125003146552968,-0.030298013700997706,0.4155441260607488,0.5187629100902915,-0.335142564914863,-0.44944096628590385,-0.1949256505870824,-0.2611683425796396,0.3916096064445814,0.04639552600183052,-0.38248780802280796,-0.4501330464789943,0.676674041010946,0.32636458250106093,0.46141176633362135,0.7482100846368553,-0.17487549812514813,-0.2671622923055797,-0.16335365293309123,-0.3863003783085369,-0.3258363877849201,-0.41406966069559353,0.1751681925744819,0.07289018914701527,0.2767741205412856,0.3002551397721222,0.3356408404405619,0.17150267321552454,0.2669226507732701,0.01172709149070075,-0.1387364238366717,0.021976019326613822,0.6593301659746357,0.40800406665608563,0.029378493143565842,-0.09759656643894095,0.3513609783242679,0.4060802279698057,0.1371992708462814,0.3224149988144614,-0.03225629873385181,-0.25237818308847615,-0.16664033148480295,-0.15829271831078837,-0.20861829877028953,0.14359462296384906,-0.13695534014766875,0.664680582980566,-0.3863836979842012,0.15596864417861567,-0.6363269521484852,-0.6860111641599431,-0.34535038225945264,0.2935299963439412,0.5576190806151173,0.44024101584983877,0.3732288514427102,0.15495304582781996,-0.2637974636300241,-0.27222023037895043,0.025547909419435598,0.10212588109315715,0.38546853036856304,-0.3212635946606867,0.2399559395675306,0.05990318237714636,0.18439058966178484,-0.23771843078167207,-0.12849596134341773,-0.4876676075305327,0.4108891007764518,-0.5134485352635858,-0.21454313981082185,0.15480124473533424,,-0.2798512606344435,-0.04137573601588642,-0.03679557182685742,-0.5143119793232332,-0.1724230424809471,0.1767731956500882,-0.38934048301543595,0.25078926442251676,0.44352755788220943,0.17560920071682123,0.04361942229316255,-0.09165226340184125,-0.1820264570592391,-0.3337199556046469,-0.18355974051960042,-0.43773381609081047,0.05705290123101288,-0.37327612025849694,0.0952800695947519,-0.33591437986215006,0.16643862794859468,0.2960999250267055,-0.034726797465643014,-0.34768347071168104,-0.34329239432511877,-0.39594100453589876,-0.03437866184647276,-0.1562013076241594,0.10452200318826749
-0.4844022241326581,0.028802320108687288,0.8271999436816126,-0.5709702758960808,0.41203405131280446,0.1268331930379338,1.0,0.6612075218343827,0.819595703897581,0.30662149839756736,-0.359663850377637,-0.10531628759842007,0.7075900221679261,0.47332559072213115,0.323369869287225,-0.2895934872780848,-0.09359663317989966,0.07201085897464465,0.569174441278932,0.3251442050793728,-0.14260717396704808,-0.3214227793859119,-0.11589538701985785,-0.09217052154179754,0.09662941844662828,-0.5048626157196847,-0.3657105831477869,-0.45618993266047836,0.5285912691682257,0.11179221507688816,0.6271815903241666,0.2581636158407349,-0.5153717590267047,-0.0128216598494035,-0.3600013240273624,-0.1534009501760216,-0.6223739283666475,-0.623702443844234,-0.5722052026752976,-0.2735955463416935,-0.33073478024951264,-0.6106427567287032,-0.60248239323884,0.06658090255707506,-0.28487640047439616,0.21797436176542337,-0.5047040961332758,0.21537798445579964,-0.24370839988098653,-0.27108696473837585,-0.2516271776184746,-0.5402874873593898,-0.13765620239379792,-0.36348141461029154,-0.18378204147567756,-0.3208392375911529,-0.7404386225528952,-0.46188990597398066,0.011874010836790932,0.01729616222687135,-0.28187666266679456,0.14657726718045008,-0.27401360018173376,-0.35662088071475034,0.0321793634058467,-0.16316396637148858,-0.17810073257699482,0.2240280936826632,-0.5494524167078446,-0.13617834635846138,0.14179865712223538,-0.32793552491324135,0.0671990167593629,-0.019632736094188866,0.1461564267857055,0.010721801505660523,0.10462987756685252,0.2984303934579364,0.09099717649371444,0.17381519153999775,0.024813288472332166,-0.36396296769177494,-0.35639521877520114,-0.012041904484689718,-0.512977808637368,-0.40889692488473606,,-0.4634369918181481,-0.094519370648198,0.00927757863864227,0.15269646885955113,0.37833045683998257,0.3203659301052607,0.46891513986409583,-0.43135343984248936,-0.10000691257496698,-0.22912292690118546,0.07051225846509483,-0.16396341315426077,0.47699568527689257,0.3624943693029367,0.5718592143266864,0.3038329239027821,0.5618909686468353,0.11943734133194256,0.26077611760927444,-0.47910449425814566,-0.22509218253390478,-0.22820646181196072,-0.12577298184434535,0.16774270458001242,-0.005654149246155198,0.276189039068184,0.5267933366379762,-0.11295422956806078,0.029463313071642266
-0.15572608475591632,0.3400078840771357,0.30254840122138366,-0.02190351633631701,0.09689139738291437,0.5475463727343166,0.6612075218343827,1.0,0.5302892277882963,0.6288283395593204,-0.24878486559325097,0.2721647420890133,0.780650205037217,0.6048688401221819,0.30051239995907886,0.2267084128228246,-0.17662685860329652,-0.11498062621836277,0.2339881163997254,0.20810156652083228,0.08333027747241463,-0.12958183875595566,-0.43628982316563086,-0.35435159165541363,0.22858681917073093,-0.2521744820086576,-0.0657128779519886,0.10890624622299805,0.2654553641469017,-0.10490226334065605,0.20227090413309398,-0.08226090582366308,-0.5323375295547428,-0.02656167562908022,-0.10836270347469916,0.006213414660802439,-0.28837152276234246,-0.34638551154221126,-0.27897607305872885,-0.08461095425041765,-0.12032247072877983,-0.38812068624279117,-0.7961050870465255,-0.01904928803956486,0.15821957084894847,0.3729583591246542,-0.6100042918856536,0.08324694112147207,0.06334648030324808,-0.12562758898734197,0.08068811261131684,-0.19611989055819828,-0.1861054936767336,-0.3955823001906961,-0.3645160627889476,-0.5492712471688727,-0.6662929329431406,-0.24036561650825172,-0.01862287930439536,0.4389067058383073,-0.32868551354284314,0.39885028169378095,-0.44127850840759053,-0.4960129219875617,-0.005608193310797275,0.21690479593673767,0.19733768275237726,0.42389612920394726,-0.18946524335387993,0.03297208056176525,0.10701946629652576,-0.3106209683056189,0.01151682027381148,0.0602232787088486,0.266188586440618,-0.3916830484790248,0.2932185308548946,0.42450353445566846,-0.08633932761211854,-0.05206030678710767,-0.21605074704634736,-0.5829258939863218,-0.2537380870730449,-0.22798796266537108,-0.3680718639135448,-0.1112368079349672,,-0.4733738616338306,0.1432460251986734,0.07580427476904764,-0.17663769238704163,-0.06842183051222582,-0.013143080041987875,-0.04948295920192245,-0.19002304440885714,0.05171726448477488,-0.17355210346115796,0.029749414425935667,-0.18200568862593944,0.005804204665194886,-0.2138367524461015,0.01060028809378967,-0.12215681308212079,0.11743321824601785,-0.3116358905659097,-0.0026116373823646833,-0.47191093455255734,-0.18177176025506778,-0.015491851463374399,-0.24423275952607781,-0.21021304646264338,-0.3737898283487166,-0.15834531298137147,0.030631024942764363,-0.26923640123000453,-0.15134157033554008
-0.503383683120178,-0.1482671509185952,0.6329581563092658,-0.31442843018058697,0.6035724160452604,0.12453832585349561,0.819595703897581,0.5302892277882963,1.0,0.3363562043630372,-0.4228486281899867,-0.06261634177759258,0.45069732010620694,0.3977449853937699,0.5747159681616691,-0.09744763921782057,0.1333891917112385,0.08019286245197883,0.5042467449361636,0.43256190026541247,-0.22796442110024112,-0.25898084618518447,0.0786738209389527,0.3105805378697616,0.12640665385878988,-0.17239039612644716,-0.1450010866573063,-0.3088942246945346,0.43501504048103407,-0.079431695636743,0.6714293858223461,0.49082555397486927,-0.2860840866141531,0.21282616465775414,-0.4923410197886994,-0.2730028939014886,-0.6354913105339275,-0.7645946808173482,-0.4302919454082571,-0.5873357435547106,-0.6056973218988829,-0.7789665943641654,-0.5093738574194828,-0.3583034951330007,-0.3008636509849268,0.015030555305702497,-0.24710486852879618,-0.01092365662685424,-0.16827250095706955,-0.37690405954002304,-0.24886456563939438,-0.408396954564358,0.04071701476251488,-0.024510702760117232,0.09295243897064218,-0.038931649703042,-0.5383010519029707,-0.4572171124993996,-0.17209613351975941,-0.13384828186531764,-0.4269834537528764,-0.18194777404894932,-0.136887248427875,-0.370682468513676,-0.15246498855480253,-0.2108401959256348,-0.2626653216923601,0.10921045199822818,-0.5159460482865358,0.0964486328723265,0.0099093512063155,-0.2260670644700811,-0.06162748184169808,-0.16120846791060292,-0.00924955096879467,-0.10372433520201507,-0.20156866611216165,0.09847888501897516,0.33668505177289404,0.16629566693386927,0.34696853849738746,-0.19407603790754052,-0.4092123252835207,0.20030135653045614,-0.43745798167073263,-0.5171319741272743,,-0.3434254008013669,-0.15121436245613243,-0.01781216671183865,0.45100499911605924,0.6340414960237868,0.5092118737085689,0.7189949221618005,-0.6167574129311776,-0.36825593431465403,-0.35876105747429776,-0.16136152052274455,0.27043051499976467,0.594821323092047,0.5803073236514954,0.6587857506932062,0.5903259102385389,0.5517779323228619,0.44364736340074223,0.4159862222766003,-0.32259606340634134,-0.15945690067264873,-0.43767201211835727,-0.16137882040072446,-0.12702741619517485,0.29955481183635735,0.3723329835391363,0.45506020083730897,0.1896480926309138,0.23201798830332448
-0.005701054925509329,0.13851416844349612,-0.12654898845802903,0.37225195738924755,0.274952422591281,0.7479064314287247,0.30662149839756736,0.6288283395593204,0.3363562043630372,1.0,-0.15832544031294368,-0.12947972445718248,0.6164959856930509,0.023812160425102532,0.2852793535975268,0.1573577682566329,-0.3658141626573316,-0.48363555927965474,-0.124272464890357,-0.17410081950049272,0.33232735825504656,-0.11738837142143786,-0.49674406718729913,-0.32296322705471414,0.35818265061838456,0.167137929352088,0.2700009872382568,0.3088031218294115,-0.2516462381993958,-0.13310225585485497,-0.11409427371535033,-0.38290218035687207,-0.4945633732984214,-0.4548932839885584,-0.047855824723318605,-0.008551226747684638,0.13849054396501964,0.005613931833420292,0.226833493618456,-0.07427968031658216,0.16733549525919017,-0.16795860986986122,-0.24449450576266632,0.051199292107050716,0.6095259206815914,0.38553680774235877,-0.009502444419807831,-0.009889506018273235,0.5453479250912678,0.35103607831514216,0.294268324952727,0.2054176269167299,0.40340740095536615,-0.3868520831007956,0.010767499425434972,-0.15093514943916791,-0.38452181865732626,-0.2853636954928962,0.30755072621348944,0.6309442107373561,-0.02591939549944787,0.2879458231910426,-0.3648402868936753,-0.4304642822442062,-0.08243672613245184,0.5334256906600301,0.6123817349773151,0.464635274561407,0.00363156217884923,-0.11207806173772934,-0.20553662621610103,-0.6442155139197718,-0.027157886717510123,-0.024492088790933238,0.3801259134402423,-0.4869203510113655,0.01933547033285864,-0.15495396931636932,-0.08041617213203223,-0.18589060273527266,-0.286634768416568,-0.5901552090788428,0.11976150073583035,-0.4559090262984869,-0.1437741303300591,0.2653720233931787,,-0.028815766033663624,0.4366393703400023,0.1245450377097305,-0.30330776007594823,-0.28039138318813833,0.0382507500963584,-0.30837580327764846,-0.02973906089136551,0.19603994672512623,-0.35253825334189187,-0.19416551081852595,0.012539169899084301,-0.3110934125339615,-0.0507309887664349,-0.20105139760171586,-0.3249966795729907,0.0172295014777954,-0.4844629599647557,0.026648724836273563,-0.5027069911941136,0.22582567617976165,0.10398630333036636,-0.3735749153135031,-0.5360783770388486,-0.3154335427143513,-0.31686144299328645,-0.12418027302908777,-0.06246375832495829,0.29510724856348824
0.3833968419566835,0.03252420708276219,-0.2257936598708094,0.2356269990935134,-0.34670607368910494,-0.07623947072939503,-0.359663850377637,-0.24878486559325097,-0.4228486281899867,-0.15832544031294368,1.0,0.3299936733252472,-0.20562636203973197,0.07690635629272899,0.08501520872367078,0.37612366580818213,0.2865849729604572,0.26779742092591086,0.16691852842363963,-0.05369550448786911,0.12124851351783461,0.04634974821446004,0.2494241575252621,0.28626094011276965,-0.4378491972866824,-0.027838879157498147,-0.08158898234130613,0.08346724498004356,0.1799298734213376,0.38686529689351756,-0.07781954245450369,0.17798389137859852,0.23781711254750704,0.09796584779912755,-0.009524185549982618,0.12302124795613334,0.24559818562606653,0.33028678947356227,0.06345131855882702,0.13144723952846746,0.1126003183361161,0.16780091039126568,0.007243361109550334,0.20696261848093836,-0.019168838470535465,-0.1978972028480578,0.03569214864221992,-0.07227082723950319,-0.3014990756958912,0.09203028930211561,-0.3704152063348375,0.26035871259738563,-0.3191774541462501,0.1336262766844031,-0.3578732459003761,-0.30599922474512065,0.5170214988528044,0.36089002339107296,-0.20807728440995732,-0.25730392218275216,0.15839135688055614,-0.29793156388434566,0.4242789582995082,0.1825708875282313,0.0926751872211625,-0.30642486832593396,-0.17052508102611624,-0.5121638876562028,0.3087829147884185,0.14271673254202966,0.08679463229507903,0.16725476216175458,0.07291855643213783,-0.2578240411785152,-0.2411203795514922,0.2731279317513145,-0.10385182665479678,-0.14234833791118462,0.2823097626483743,0.44845027308052193,0.3206304750771616,0.5392006717735827,-0.031250590048692725,0.005991843122720085,0.2012618041135308,-0.2472035974514927,,0.07011224099327973,-0.009515935480641006,-0.5315940279340703,-0.21335093672639371,-0.2598631383242961,-0.2644445783621348,-0.24266503582039456,0.34654443730105905,-0.1493784641763881,-0.16640432638129002,-0.3801806547216945,-0.10723057492190659,-0.2792930664867568,-0.11846241167429476,-0.3237070046672371,-0.10995840660704051,-0.40064252456240185,-0.19616540985643796,-0.32231878781538353,-0.09699526961276643,-0.17522192964928762,-0.10736702762762972,0.34150101859110815,-0.34040591480148974,0.039207277392077966,-0.05809754940550787,-0.4065343213920631,-0.37265932003877145,-0.23997610112923842
0.44657404341610424,0.5719803517806584,-0.16266153148378854,0.09464107208398148,-0.3033844348360847,-0.1297879423489021,-0.10531628759842007,0.2721647420890133,-0.06261634177759258,-0.12947972445718248,0.3299936733252472,1.0,0.0025715942171952734,0.6933101595619336,0.011261567555174113,0.4481645470921798,0.4441150452748271,0.4891375840979218,0.3519124391130028,0.4032158196957469,-0.07396913164673548,-0.14393590338721599,-0.09163029021406363,0.0935814985309536,-0.3017567211360801,-0.25370430183485515,-0.15275331496188477,-0.03547676542384899,0.3993818946052345,0.39158016574181803,-0.013204802977825409,0.2034597529142293,0.41707049684838565,0.720345282752181,-0.15133778454552085,0.13144589774183504,-0.061483567490650474,-0.1261345063408735,-0.3117087347777292,-0.011005339234329885,-0.19546780419526044,-0.044635460365337394,-0.6180038061135786,-0.11955070229602191,-0.17890911735522233,-0.11491287346513052,-0.42832721058748646,-0.0038155776873243295,-0.33696725916155523,-0.26672458555216827,-0.3462890911885277,0.016265811605082954,-0.5434725320346108,-0.02525712253359663,-0.5343982447590424,-0.501702932991225,0.19682267795423083,0.3750907994955366,-0.36212075639846325,-0.1385057368613628,-0.041466629398723975,0.08541126540129694,0.2535635852502189,0.2032659439853708,0.2547917850324023,-0.24688035195696068,-0.22459589933121257,-0.26576014327335523,0.24490419825731483,0.4825048943679425,0.2529484629995169,0.17475557967121935,0.3607289813030343,0.05352907924093232,-0.040678504626815194,-0.20988140398758776,0.10719175139887199,0.24256465539329508,0.23507487876367264,0.37457214394120825,0.19256262173242367,0.186627644066421,-0.4875627154266132,0.2690145061389074,-0.3335117270774168,-0.3552526112541119,,-0.2631334647713006,0.004275488102226233,-0.3305105180931028,-0.1709856731497341,-0.19406635931878582,-0.473708521585256,-0.034533847563574555,-0.1460844511280249,-0.4552259687774134,-0.2324913783845574,-0.2941687794475784,-0.12197107901775543,-0.260570177086047,-0.45613929203217524,-0.25603581645132767,-0.04849241446040585,-0.5074618136704355,-0.15552714900129502,-0.38837957686874064,0.0442149522734574,-0.4362884501799283,-0.3674248898561736,0.1341835163413756,-0.30587272593452275,-0.09926997059121148,-0.3319906915580971,-0.5083505039271209,-0.42478815937243786,-0.49373299952584115
-0.19890947053987565,0.23219539200280606,0.4137170136633763,-0.18215585201264825,0.15627623936166468,0.6125003146552968,0.7075900221679261,0.780650205037217,0.45069732010620694,0.6164959856930509,-0.20562636203973197,0.0025715942171952734,1.0,0.44389697444274573,0.25568932619733575,0.061286370464330754,-0.34421543099134627,-0.17791844419307495,0.24322347300046948,0.023520444719304496,0.26496415183069627,-0.0856319610385815,-0.41760846242544253,-0.49226159384132806,0.37656722155565175,-0.30884702298124816,-0.010898673771822543,0.04882044679240503,0.26995885144926335,0.0595789127482501,0.31015852559944324,-0.14504215476414342,-0.4866788943024606,-0.2529331524735151,-0.07406092641898832,0.07301156567138455,-0.2639520719700867,-0.20852248877479554,-0.288652499371467,-0.04994133627382968,-0.00025155320637922963,-0.29409930214910135,-0.5524498851967998,0.34635447417514187,0.31949849774445843,0.6458580873182295,-0.32518056543698826,0.2308924225755534,0.055171461512335276,0.21186815461449734,-0.15077240231432187,-0.15985331823551366,-0.20304167896227737,-0.5477695981926378,-0.4687923228351953,-0.5754806901700976,-0.5723240014541031,-0.14291986519380737,0.06198197258986904,0.44885121233858727,-0.169377835712016,0.39565855126172284,-0.49068553063082,-0.5631584753484774,-0.08154520471646348,0.10824257651579179,0.27867433877120296,0.4117333258171567,-0.09108126283880087,-0.1036082003002928,-0.1662990432699552,-0.58330608565135,0.1410694439845826,-0.021022579900631555,0.3117152619907178,-0.16145437806081864,0.24272638240119357,0.14873774441630983,0.028330231567389362,0.0574754032180627,-0.2538127869243497,-0.6508878490569219,-0.18186019636370235,-0.47564080964096567,-0.5716386279714216,-0.13537150294744935,,-0.5056716232430637,0.07665025389888072,-0.10106598369449822,-0.45843292493528515,-0.036265849884974104,0.16093790800261315,-0.0630815152483003,-0.026715742504737034,0.1913734423709951,-0.003940970435866735,0.10410869498850936,-0.32632216866205294,0.03650642911950543,-0.10779982254774624,0.13449016513222106,-0.21428221659970548,0.28379907143064204,-0.3746330174603699,0.15893742259430624,-0.5996289380655595,-0.00525763817012945,-0.02500612532600471,-0.23867474634296768,-0.0605071241087846,-0.32366906261801626,-0.2851504333319344,0.26821100587438396,-0.35101184764044885,-0.03967588050156727
0.21559973951265296,0.5051165268277612,0.29754739526297797,-0.25800850850750334,-0.0278407667423573,-0.030298013700997706,0.47332559072213115,0.6048688401221819,0.3977449853937699,0.023812160425102532,0.07690635629272899,0.6933101595619336,0.44389697444274573,1.0,0.21083798204703316,0.3194263001032443,0.4758346869610361,0.5840709569702415,0.4642402909897823,0.6860195217706587,-0.3096256583981944,-0.17154421085902868,-0.1712631495476389,0.050304693227873606,-0.30790676096817565,-0.5191961303208349,-0.3149369468575554,-0.24252390890300127,0.6690049158593334,0.2887879375171336,0.3554444740187551,0.3466827164190003,0.11640477654520694,0.6269406827666874,-0.4321175588576304,-0.16312687361465208,-0.627703427092915,-0.5821390286252673,-0.7796619859191244,-0.2987796149244117,-0.5161103463324348,-0.5512975566579775,-0.8615370212521767,0.04529244616508664,-0.2121504104421559,0.217588198358805,-0.5095754021907303,0.13957167869866718,-0.49536462240532014,-0.3227121753974705,-0.5130359396894298,-0.32170145965088476,-0.5069692289326303,0.02910815708431424,-0.5166752595431168,-0.6621728289658438,-0.21183803512327554,0.16743700088974567,-0.2926043090998638,-0.24324454430470283,-0.22105877037667168,0.09643610103265408,0.20534914209192964,0.039311951890779046,0.18590685669914975,-0.34719617334445657,-0.49591318609258894,-0.247623934070921,-0.18302147719441758,0.36024762879238637,0.21654171327967958,-0.028273741359266906,0.19608428189882618,-0.11347400933259934,-0.08183514846891884,-0.18546143013229083,0.12066919743814729,0.40048774770660217,0.19903252791463558,0.4886194041962218,0.11718530506366553,-0.13481923848154181,-0.7191252326256583,0.33436734109308897,-0.5510999750038564,-0.636194685429967,,-0.5553233369059097,-0.08582900540602673,-0.29874449156518407,0.02572931352054213,0.10255406587513011,-0.17146967856696643,0.23127026019984429,-0.43688922877343356,-0.4855894217861416,-0.2530165646025702,-0.295361455580457,-0.13617314187944976,0.1084435940269984,-0.08850302478669429,0.09563100226920183,0.27548860562883454,-0.1183031476964701,0.023612414793016887,-0.15770492342767406,-0.14910074037994328,-0.5199266981534381,-0.4475437296119981,-0.04563538975129752,-0.04205109472685697,-0.1304828102682636,-0.12629611029649984,-0.11151245115211322,-0.4450380180878975,-0.5464414302792696
-0.4543387975624938,-0.05756061172089393,0.14247991474428243,0.24668809653732707,0.15837595342748273,0.4155441260607488,0.323369869287225,0.30051239995907886,0.5747159681616691,0.2852793535975268,0.08501520872367078,0.011261567555174113,0.25568932619733575,0.21083798204703316,1.0,0.4194753666916326,0.1333567129020525,-0.06755508932728116,0.38947899160249566,0.3068329336715488,-0.14678177329586137,-0.07056803842315224,0.31828105820713026,0.3724066795674462,0.19408458845762658,0.19184701161671067,0.05112152390069579,0.28061744680094114,0.202795947862928,-0.24184437271541182,0.336295826408002,0.3741659555131655,-0.026046347177903894,0.16833030009543062,-0.20851205827436622,-0.20359262270033288,-0.26174561046048683,-0.302709762769249,-0.07258990003614861,-0.3234053968351353,-0.46440224192634855,-0.5835376695927195,-0.2979033119308239,-0.3764210756262384,-0.09230739279567457,-0.11207215165261208,0.011127411247857957,-0.10719309891718087,-0.25852977028175994,-0.2083467546773426,-0.2560066763403643,0.06692925239313398,-0.18827941895375222,0.13954499769176396,-0.10803072736790398,0.030739493755060826,-0.08615763706013102,0.03434253177901464,-0.6334061966172463,-0.026595263810221793,-0.6848056796561146,-0.35205207647982734,-0.24936211397347222,-0.45364623105161644,-0.3422290362066534,-0.278035797114377,-0.16274821519947255,0.0015812521430779197,0.1742536395747296,0.5456560733672704,-0.12111106783053499,0.15717456456066173,-0.07142637492637406,-0.05948312456896845,0.013771230914577506,-0.16247070169478678,-0.3138299410250719,0.21810740416854965,0.5957608408819388,-0.06726023545996576,0.5488940277106037,0.08028223993269934,0.05023899703290394,0.12362105156212647,-0.3124137540519126,-0.5735633617817646,,-0.5066692885813326,-0.40730857654171293,-0.40372412721778383,0.14549541507241512,0.3653003237706767,0.33845471961345985,0.3155802854849646,-0.24716466615019173,-0.1499746216547584,-0.08336485696116164,-0.3366811928417079,0.4100784274311974,0.42294510712868283,0.31453837960676906,0.16971750221428816,0.40222804465114803,0.09919397220892401,0.46106165369436186,0.4207417371198445,0.03959840390890125,0.09997538828426152,-0.15555484038342937,0.04715962239169954,-0.25721118421305306,0.4227734448169276,0.2277480683768239,0.16162491432679454,0.24645290576041173,0.037373918594280985
0.2765405725500054,0.2558439621798303,-0.3814127738510934,0.5112728758759655,-0.13966753125324546,0.5187629100902915,-0.2895934872780848,0.2267084128228246,-0.09744763921782057,0.1573577682566329,0.37612366580818213,0.4481645470921798,0.061286370464330754,0.3194263001032443,0.4194753666916326,1.0,0.3564345289267009,0.21587322782398183,-0.029272590532925045,0.12407892579266706,0.1394556735975464,0.20420381130467552,0.07162297153853595,0.1221630779201358,0.2231881570489161,0.3957291880540987,0.49569931907661824,0.725336198148782,0.0548378956085679,-0.12263548473421525,-0.09308482022046675,0.12840489829365417,0.29551806293017274,0.3230395256204488,-0.06150716151488631,0.08615985546783028,0.07498087891658589,0.11935984715636838,0.03647131306587368,-0.02635709983992643,-0.19718504693882383,-0.1164874523988932,-0.21346594655355183,-0.13621220111663562,0.3384588178631156,0.12869305940947645,-0.048747569329100494,-0.2283209173903347,-0.15367128713637015,0.16490279673481165,-0.2689356185668734,0.30751623498336683,-0.41712664582618686,0.3334690530479289,-0.30228398581805443,-0.2950652694454946,0.3952520517100171,0.54119734252866,-0.5958597922510909,-0.0074545833741539525,-0.39209172461193254,-0.35443536219145283,-0.025371997056574627,-0.341814587323966,-0.3575242371636687,-0.23113875036870693,-0.09563150564837943,-0.10801659861000794,0.4631681258354545,0.5764590368665585,-0.21154797844974105,0.19735785041024176,-0.08215580662547656,-0.20663965870684434,-0.17084268040508047,-0.3374917355607777,-0.03766321871943325,0.03597682874602287,0.44928642636284094,0.1583787465409116,0.29306700341888053,0.11027695078817325,0.04368588744413924,0.10998076674813125,-0.06985999634305462,-0.3015288896123411,,-0.1890190864964189,-0.19577185284051196,-0.40826357622444115,-0.24469315584201773,0.0015334774443158425,0.010996867065976754,-0.1517512681607907,0.08322895317760728,-0.04964934382507596,0.047546422992666815,-0.2955788235621107,0.04010435501836398,-0.12800597392928034,-0.40208141346038967,-0.22363622312791523,-0.1301713324720393,-0.2581012865159999,-0.06373633882499816,-0.0702275828116009,-0.0010008090020779895,-0.13200516739314022,0.022794521527414638,0.15597125021182523,-0.45852467638609556,-0.10652617747685193,-0.3672648975118099,-0.3283386552172445,-0.22522018027957647,-0.1976253567466527
0.4406445347009705,0.2527888705831137,-0.08979019590164798,-0.15252212845626795,0.07043308955038004,-0.335142564914863,-0.09359663317989966,-0.17662685860329652,0.1333891917112385,-0.3658141626573316,0.2865849729604572,0.4441150452748271,-0.34421543099134627,0.4758346869610361,0.1333567129020525,0.3564345289267009,1.0,0.8685860196640712,0.2252668988425281,0.6840972069253715,-0.5485552628796118,-0.22758104432229137,0.09637144437173509,0.5392536647543051,-0.4231358064498312,-0.024825997960067434,-0.08733118113927402,-0.15735331685972084,0.5364791564808228,0.350576557957797,0.22060180219649486,0.5233026414267653,0.5818836445470855,0.7798787798234107,-0.6014865348797331,-0.3858098469005371,-0.4498434363538762,-0.3664238897665123,-0.48701641656136746,-0.41523410242761644,-0.569268528698287,-0.46400981315675743,-0.22037666429612254,-0.30406926933428446,-0.2924685305869902,-0.266632886499987,0.05577123185051958,-0.19167850049418708,-0.5039596287191814,-0.2847566862915248,-0.6313316273473226,-0.1777168130046979,-0.1631092453057478,0.6153628233833847,0.1416779716518055,0.030467410738197472,0.48399788920305437,0.4644792775952037,-0.3902034087808021,-0.729941452173536,-0.16352947677881416,-0.5732549154131047,0.707177742851466,0.3537417401908473,-0.09835165986802444,-0.6235308780825449,-0.7440967961241494,-0.7002211574690812,-0.07012451437014684,0.5593672530021734,0.3532559279587967,0.44956784637615443,0.152567877253001,-0.25458987812761374,-0.34261076901267334,-0.03691134267278491,-0.24417285654823623,-0.01921575201637223,0.5664483349611219,0.717461117139542,0.543119488388854,0.46743960950824737,-0.40276015601710535,0.819531254858006,-0.12470694398080695,-0.6704119583963014,,0.023602423777947197,-0.2778833917891626,-0.2719282039141245,0.49766322400483937,0.36860019513126047,-0.002136703696195443,0.38536106015600236,-0.5233982979649793,-0.7636456314913221,-0.362770269867808,-0.6159422576149086,0.2332000241194598,0.14715148474523765,0.2329720269061728,0.23764218039721785,0.5317872312795321,-0.04911283224554625,0.39821650911684936,-0.2835747119622407,0.11464189212002612,-0.6884367249186092,-0.5999127948908265,0.3257893211385928,-0.10327915672352017,0.10453697583305462,0.10187165182953399,-0.11648818182957096,-0.19000848302777926,-0.3193205031713322
