1.0,0.6604542582231525,-0.26474918384902846,-0.8015215766425934,0.39037811232399305,-0.02522300479524756,-0.17899168747346084,-0.5657433960092031,-0.252495610718267,0.1797278132270559,-0.03544596959374196,-0.12984016821340907,0.0735900350783328,-0.37983063973937375,-0.6258336094190313,-0.580800671488532,0.6216043298440375,0.4110507246697935,-0.08881407171349691,-0.03219181798766599,0.11627794515216554,-0.05999982998786091,-0.45956503949248767,-0.5696448079018396,-0.13151824910679308,-0.4184787990911067,0.20769324197296457,-0.29947311821000067,0.36663243881564583,0.19575310848037805,-0.26011779808921975,-0.5261247902587088,0.21433965588290327,0.14229379564159508,-0.3316848210871446,-0.15410726315785947,-0.25719522366902425,-0.1636247340101621,-0.291992116904981,0.021699366897053075,-0.09983567980736394,-0.08215657047574937,0.05181412197993264,-0.011397086100222827,0.08881739304066061,-0.09609514050266253,-0.06976979694415833,0.009315379522784568,-0.1206883722683999,0.008004682362633575,-0.15652803801787082,0.1459097895030495,0.2983403777415329,0.16499209298469888,0.3125027665810828,-0.028850170748730905,0.6832127800197717,0.37576089199103324,0.29286396606037346,0.35320895560844445,0.7859030677185337,0.09128420973203552,0.6821015413472876,0.6811416637957501,0.5208939809922714,-0.30100644593812864,0.4350137300964214,0.08480104916299426,0.34311507284942605,0.598836166185663,-0.159649829363073,-0.11083181339465843,0.28970929752298463,-0.18533221926501592,-0.027979489499923262,0.1948983717066613,0.03414803530512789,-0.06424324978115428,0.4954751352068151,0.26021942490953354,0.440232562689088,0.5193714591976023,-0.4759276925729233,0.17921057435178953,-0.5029691704995224,-0.05860591173622549,,0.0002452641886059164,-0.44940072540602144,-0.13965299556317343,-0.28416081361491835,-0.4005003369601393,-0.250354641634296,-0.3484286894317324,-0.1732869569197961,-0.19104465110786223,0.032902077926156854,-0.4274014274433249,0.11155076808839352,-0.47484507263070025,-0.03253585697798662,-0.3012288274612169,-0.16454798639809448,0.18762554162627681,-0.21312452277271443,-0.3343249298974195,-0.3151935869810285,-0.16036161807112984,-0.12486031419572963,-0.20820512277585854,-0.2651168858525849,-0.20186521559711804,-0.23081992807272547,-0.07651798614038714,-0.06935173894067026,-0.31995990194394963
0.6604542582231525,1.0,-0.31129826413848755,-0.4632163618607659,-0.050687515072354,0.026568091698166704,-0.26867996335722966,-0.316052663092228,-0.3206310361856118,0.16812119297916533,0.15414705463628106,-0.09471028605326173,-0.2663136217969418,-0.28771231368814854,-0.7355258421084067,-0.6468233497218304,0.7387505176838747,0.6769586813664463,0.13013061679118657,0.4386227602925348,0.13814197878980466,-0.4170458733342385,-0.36893798272776673,-0.28906707818922944,-0.4523968547257092,-0.556841473751683,-0.265704287296687,-0.22043595952517522,0.17032188389411532,0.2230984995647278,-0.24884204153597425,-0.4218015909249874,-0.08988403984248253,0.039893289140183134,-0.31247673522600494,-0.2879768569076213,-0.3356787578294887,-0.10186936704115937,-0.12060952517754349,-0.13600538703392898,-0.09896970620078369,0.25848547406908534,-0.07650608725063547,-0.08087268035625268,-0.035653891539217476,-0.35603922249899383,-0.3041539994309017,0.06927761048589279,-0.35685087670583054,-0.07029193371078994,0.07590191785398744,0.019669915600822388,0.20786499690852434,0.07576090895644742,0.46379414097828675,0.08674378424940259,0.20563121531618742,0.34117283769267825,0.03166695527485327,0.41745785714051303,0.6288844612165324,-0.0192009523468259,0.7111497817490658,0.6921278677187231,0.5361152972502108,-0.38690656849820065,0.28738454840535704,0.04388887710662909,-0.01110622360946847,0.6325129771124065,0.2893942756915596,0.26792398008457047,0.4579099096054392,0.29813310366932827,0.29195270460862893,0.4862570461122666,0.1981622596850976,0.06893897216277713,0.03524753181798261,0.1184259927603527,0.2362167320599782,0.48856145551051855,-0.47266318068467505,0.43150840993359657,-0.2242603399789803,-0.048209090780443005,,-0.005970327312847059,-0.54038619792614,-0.15643201329182616,-0.054650365949212944,-0.3563248632179321,0.0323265393111063,-0.3689586150255498,-0.4411657600536073,-0.3926457171509833,0.11338301084691356,-0.30942040141261434,0.05206882347410426,-0.5837449740498514,-0.2422147716026659,-0.4359447657709467,-0.37819127711242645,0.065822579970538,-0.3855704974375979,-0.45096292954764133,0.09990837004161127,0.1568854920483447,-0.2734889603973955,0.10664741313154452,-0.07706251200612549,-0.4518219100729281,0.19294303487340772,-0.29212993157136574,-0.23634435681368215,-0.14275336818145773
-0.26474918384902846,-0.31129826413848755,1.0,0.051509662317284294,0.11068267958552593,0.39777681079841704,0.9553896938031635,0.596548375777621,0.5158911117625482,0.36826147718476315,0.17458133914367083,0.4715497657808198,0.5511969620639973,0.40121148005438845,0.6080215081187487,0.4715268057034224,-0.18323572998887824,0.10109210867591562,0.44564876223757083,-0.03796681397664084,-0.05191204984044013,0.21780005186529525,0.39424066069224883,0.10068759097460958,-0.06283574796635881,0.03169599423428104,-0.085093680003994,0.18853723145368856,0.3564714464662326,0.4221819163454128,0.7449714821829463,0.7242667468222173,0.007777408890811617,0.6198940028262145,0.4363634687400901,0.0014587442952555421,0.13474058730481592,-0.33972312784670183,0.04918015409581363,-0.0639412449359644,0.07126017561858412,-0.18874954215672424,-0.7283373408825822,-0.7051556792075796,-0.7692606100036617,-0.49674750764161724,-0.6121440838504398,-0.5857369275340646,0.22053141977898952,-0.7497566097114743,0.16274255567380574,-0.6564896828149562,-0.6231202778989621,-0.5659160714596267,-0.4690301895943014,-0.5512430377765232,-0.16325144613625905,-0.12708289348325222,-0.022808115284876813,-0.6240364340285065,-0.04485524803357175,0.14790436033938426,-0.32908206812462854,-0.19442832734681167,-0.1257638955471662,-0.01070755448030797,-0.37950306198150763,-0.21804945505996373,-0.04404289446947024,-0.15239558361569677,0.24551278028581297,0.021702817528422423,0.22408536400924758,0.47526282750161075,0.40816090653904297,0.2788477414041546,0.34763589438630244,0.3873706286418421,0.19651544100761498,0.5347172974955858,-0.292434607572957,-0.5419206555968201,0.2997701349938024,0.028106939720247203,-0.012198494075471291,-0.6697553738719402,,-0.4037987258772385,0.4620499320630649,-0.5372560622967043,0.29832693869895566,0.34729760225579037,0.16266171006925667,0.6615864738389958,0.7401026612596167,0.39409721439864565,0.12975005751523028,0.6284623548740202,0.025624125759734086,0.524260039980588,0.4334834466942033,0.20140666172109617,0.3585284129949678,-0.11495848758178483,0.48356429512862054,0.5882542441129763,-0.17655652632846353,0.4592402570559759,0.3536495754139722,0.13596946144344432,-0.047744024386462344,-0.06545255116646564,-0.1148984473761586,0.4188991198891967,0.07721687496771289,0.23750140338935666
-0.8015215766425934,-0.4632163618607659,0.051509662317284294,1.0,-0.527010952210381,0.06789659539954263,-0.028785608849421693,0.6663814146974081,0.37490232776888605,-0.12114116244039806,0.04967051989486912,0.2973837200763643,-0.12142302284016528,0.5422384035990259,0.4534161240088023,0.6624154436020488,-0.6620433746005041,-0.43645790199795553,-0.14850296196987334,-0.018144329036648126,-0.29398879475540785,0.09404820215322761,0.24807042207682273,0.46953928837368086,0.011377242217761437,0.6199928153096688,-0.3065676031487478,0.33953090004115233,-0.545113682351193,-0.26093629076480085,0.06124102729338844,0.45027567428799686,-0.43456726889555014,-0.31096542131662525,0.28547628809126324,0.5001649830149244,-0.028004800637006708,-0.01456799799298483,0.16544687430559332,-0.11320461507050959,-0.2615560142385673,0.01778332389398156,0.05530572106649021,0.12430514625556716,0.06532747328437545,0.27369177875143536,0.057767860930892166,-0.021512855455601006,0.2935574620190438,0.16466653230352687,0.05372227905821622,-0.1098602325118243,-0.1368247697758785,-0.08231905057225214,-0.30179562315962377,-0.1254938461186621,-0.6301071614924133,-0.55201268639496,-0.07573223781830744,-0.16914416703976212,-0.7654313866876558,0.06823473134804806,-0.5559879728288353,-0.6352771894697876,-0.5993717550060741,0.5078529663868131,-0.41639967269195205,0.12701150757703203,-0.42162911598926317,-0.3970027675404862,0.2503280942230092,0.019889490409092565,-0.41975458429867096,0.006323242114197778,-0.08709674811007609,-0.3639129113891806,-0.3521679758176303,-0.27248648956782195,-0.6069223159555933,-0.5264916850287863,-0.20870205188014976,-0.24272185399739396,0.22966588996755635,-0.20210033108580613,0.7699983164815464,0.27127492914735823,,0.35514035451578974,0.6435090795910079,0.3138048648260472,0.3040416299495928,0.28577378127194647,0.13760456544149152,0.24387861268611205,-0.21552187978724643,-0.19053734461339722,-0.275867823283093,0.2638545058744787,-0.2672336192497018,0.16990915634009182,-0.1410029858107744,0.2623565706522396,0.055424701883944834,0.005957888457473577,0.06562927148997942,-0.006772450714915387,0.1811496263678822,-0.16940135648259855,0.06283064454137506,0.0727801403231996,0.12307754928239478,0.07801078624408246,0.21295662142423663,0.19785754840977027,0.06621535151736334,0.49518339747346896
0.39037811232399305,-0.050687515072354,0.11068267958552593,-0.527010952210381,1.0,-0.036213642069667214,0.18270343898640118,-0.2460205902558802,0.008521037566276615,0.32941463956603473,-0.14536328888013889,-0.049253723860527475,-0.06052595729364185,-0.27341520227982397,-0.14399177039159186,-0.049657048493129484,0.4212958083531695,0.3500030463347234,0.04991991651974508,-0.07695123599254076,0.3005320271756952,0.31675573559079473,-0.07941693330672078,-0.06030869130736661,0.3763605185891958,-0.11520766075791593,0.3772773033731836,-0.18230341228640545,0.6460967318534225,0.3782888709969405,0.22587625012934479,0.11573475426514356,0.6697927184833792,0.4043256240319165,-0.4970745469491079,-0.5000241012071289,0.0003904185159236777,-0.05022167782691314,-0.20306351686060747,0.04108696100407498,0.305408173053041,-0.15326921622568834,-0.19460709824149883,0.00011372646301067868,-0.17090310288463845,-0.021035536649510633,-0.013130129882378867,-0.17798287660377426,-0.3393568777077256,-0.20392238940111468,-0.5130250514583905,-0.18043897105292908,-0.18563447956745838,-0.3162542353838092,-0.2143040919012529,-0.16207529966045775,0.61556573324145,0.4712521980263413,-0.3886216398531759,-0.29942797803112026,0.28991230551863767,-0.19384295002188692,0.404394196032319,0.40598976817071436,0.3090708409756956,-0.1786761914365535,-0.12565954858052508,-0.2855362115768661,0.32006163595005066,0.2219637902967624,-0.4024542173945012,-0.6322720208649508,0.2960878537709787,-0.31301997031473433,-0.11864125181433964,-0.09796670357030872,0.17726156260679454,0.08797205594509241,0.7812535872551969,0.20606567542879758,0.5706886368814824,0.38018209956999754,-0.22024681695407997,0.345058766814664,-0.3410886267323032,-0.2652128565853372,,-0.12261766301866746,-0.3643923331666989,-0.3805686794751347,0.0489745651256353,0.16536078374545443,-0.3091657812943711,-0.07403542550096269,0.32826961971104784,0.18062499454668413,0.18806475482516957,-0.025602431662352747,0.0423989326590813,-0.05614471604665463,0.41120420424122855,-0.2236248789400471,0.4021094774424382,-0.27985004258678803,0.17099938496289752,0.325090389010836,-0.20983919747565288,0.0816650739237534,-0.054274642116969286,-0.1990491279171563,0.2530865786613366,-0.036414070005110724,-0.17197800886173342,-0.34587635602181693,0.17263343998200636,-0.5448748023195016
-0.02522300479524756,0.026568091698166704,0.39777681079841704,0.06789659539954263,-0.036213642069667214,1.0,0.5556896802817,0.4251680632117063,0.6060650557348499,0.6353005415286241,0.1261667215860241,0.1451650818573528,0.42487740503153226,0.25899401358599694,0.14879110198422527,0.5040177544198728,0.11261202938800585,0.3356501499562263,0.1676107162403282,0.07309098424186612,-0.4630428078399041,0.12838317934273707,-0.31275038768762375,-0.40408162036608397,-0.17241950143288193,0.33604912517403646,-0.2051266375136583,0.811445404448639,0.6128679461137666,0.4173361307696384,0.2845605751742485,0.3318735052198249,0.19294427395627162,0.7088099585284737,0.25999139198004506,0.046951989917662175,0.2939625949932849,0.11900400828069999,0.4447860741002353,0.4134511114293431,0.21766940117494943,-0.12064057741600047,-0.6255866802099138,-0.6456348802064734,-0.6673362315159235,-0.4612969150207413,-0.5366263224224647,-0.45114017214985963,0.09838336242923065,-0.6032175715824342,-0.15139199209545692,-0.6704448058872027,-0.7370710123434213,-0.5760330891686598,-0.04789807528764081,-0.29686182382217824,-0.1444429320826665,-0.09646593480675456,-0.13919450567675695,-0.35974692174858763,0.028553795249780294,-0.05068928585450793,-0.021322232714435247,-0.0003435060150315634,-0.16634091314687596,-0.11162028936627262,-0.2996764858787185,0.034439205692670734,-0.1085991394302672,0.3122332835738512,0.23391074790279065,-0.012072331909852796,0.3812881616408566,0.32077766335765395,0.6405894704467805,0.21982521734432037,0.40645313167823766,0.33401038303103164,0.21716863132937794,0.3952627100475795,-0.2532356566963805,-0.295902161522328,0.47847642935617063,0.3035038748960318,-0.17332681157343352,-0.5454179499481633,,-0.026285344785364245,0.24563316869830018,-0.20866608340801993,0.29042085534431245,0.3355360308678994,0.5544592513676834,0.23553404199297298,0.3672203630570096,0.36624256474855976,0.3635601951368674,0.6290261728361344,-0.14719998605059945,0.32636679328727286,0.5574653492985826,0.3188417301760252,0.14563413943547301,0.38735465642127204,0.3994819853579993,0.5728051554034097,-0.34109175211192083,0.26009084088087125,0.420367575007778,0.4060594292752006,0.17581094838266087,-0.2324522291510317,-0.10831877889380877,0.4472233380023544,0.5172942983925575,0.24546452588428475
-0.17899168747346084,-0.26867996335722966,0.9553896938031635,-0.028785608849421693,0.18270343898640118,0.5556896802817,1.0,0.583502744091929,0.5776983181063204,0.4872968098706277,0.13853082140938922,0.38721501177815304,0.6277295148602289,0.37712307210923657,0.5575870541645448,0.4711776814338974,-0.08191361121661607,0.17900428282758174,0.4537649418057358,-0.012129493755041996,-0.12789499085480904,0.20798054498627305,0.2679156827628978,-0.04219773390398227,-0.09453416486194006,0.05090865665323419,-0.1351875407089128,0.2822612380196799,0.4888627472879374,0.4605691425129001,0.686588300339502,0.6886293743956434,0.1463135429544382,0.7175920838939699,0.4162754234607232,-0.017384603972536584,0.18054881461638675,-0.2840109608768736,0.12247670076302765,-0.0271362880311153,0.17720167480518692,-0.2707179231943494,-0.8001668708155434,-0.7441292598852338,-0.8420819275823888,-0.5245472938685061,-0.6605114634349014,-0.6416652462837955,0.1484071148245484,-0.8250511749968678,0.01696824808384744,-0.7522679972923773,-0.7608387009097257,-0.6777975134365801,-0.40495617818559876,-0.5759328189047244,-0.09063365216592845,-0.028078067524950526,-0.06822352452062319,-0.6588087157723608,0.01607987270330721,0.13395512683399807,-0.25573216088499723,-0.12059395481646042,-0.1013915513006353,-0.03272980707330446,-0.4042289254115562,-0.1807926242241867,0.057052072697110726,-0.04920184398741631,0.16287961891774755,-0.048072577257958146,0.2729979488416737,0.41618785419108606,0.4385916233194168,0.3109160834600227,0.39800473252710056,0.45792582440061164,0.3097068953443991,0.5455209495220158,-0.2468158297256873,-0.5191687743313138,0.3544953788835287,0.1089758072872939,-0.13808272542804553,-0.770080565025133,,-0.4059308051052278,0.3989787338632583,-0.5772921981738653,0.2876659424176594,0.4385207770799116,0.2206112883776243,0.6251177301562783,0.7603520025143548,0.5182465034608748,0.23533418372794754,0.6703166490605629,-0.025252506393048938,0.5485736436710154,0.5573259152491702,0.2216394561745782,0.43742739194699004,-0.0775872673715775,0.6066331837560814,0.7177108468396004,-0.23190228771741603,0.5329408361901242,0.4596212316489398,0.28761218322564136,0.04063571751079517,-0.06214729127712504,-0.1422191913024843,0.4578248664703441,0.2967355174489796,0.20026417905352062
-0.5657433960092031,-0.316052663092228,0.596548375777621,0.6663814146974081,-0.2460205902558802,0.4251680632117063,0.583502744091929,1.0,0.5836511309135511,0.33450950726708506,0.05349132369612973,0.6151797702381753,0.36066377538055405,0.7203170571422232,0.48399105590855807,0.7074866279804095,-0.3985474159560568,-0.17522029201990463,0.010901406329879132,-0.14542783225764128,-0.11138203641987121,0.21600888032678484,0.18982878984641743,0.17401449887517778,-0.17726729050485598,0.33422051514257684,-0.2798071452584643,0.34793290989084236,-0.09345098804063635,0.18408354690120762,0.4661755321222289,0.815294887993895,-0.25266795043575496,0.2730959564405366,0.4344863592344811,0.3441848787310311,0.1533048300520354,-0.10394013861309355,0.31100926775050525,-0.04324149155025726,0.0875713886230641,0.016206690633871854,-0.5865675265838338,-0.4986837365985161,-0.5174544238132043,-0.26943241432096565,-0.43040181836997987,-0.6668146734713819,0.38761771585239746,-0.5224805150049676,0.16037092816802465,-0.6038138506245375,-0.555838686472487,-0.565767012211455,-0.3962361762071587,-0.5894425177313327,-0.6218191576649547,-0.47943685730279556,0.008357472432580983,-0.49480804639292536,-0.4416632923281654,0.3051538136160619,-0.4703603672769397,-0.43636219558508843,-0.3759532990238146,0.5138411785639446,-0.529284334245695,0.02912345220981035,-0.40549021988283945,-0.334724966797938,0.43954914497964187,-0.04242058494931406,-0.04014417910601329,0.32110231699978686,0.22792872597977656,0.06871039822620055,0.1406144521842813,0.06706005812767456,-0.21819824982715275,-0.09090316977738622,-0.28012536900142937,-0.48888282265746874,0.14701910682028305,-0.12723886693340794,0.44718536671513703,-0.19772821433890314,,0.014947881605062692,0.7186451772281128,-0.294277602971397,0.45640143717693915,0.39498872524004097,0.14886107950558738,0.36422251751208107,0.2855787673733189,0.12262757202656055,0.004851598043252176,0.6472019465057163,-0.06604193544565198,0.3760876937357198,0.20822873739975745,0.1678121929554468,0.2687865190187867,0.020448499451835155,0.22491664024380545,0.3619184541231226,-0.12925373534304482,0.15392949068058728,0.36324290376333196,0.15690533708151763,0.060147141296940106,-0.05888218560385676,0.10921451210932681,0.4846482650425074,0.29589420011780315,0.5298353215654446
-0.252495610718267,-0.3206310361856118,0.5158911117625482,0.37490232776888605,0.008521037566276615,0.6060650557348499,0.5776983181063204,0.5836511309135511,1.0,0.4374928085263325,-0.051170657773089,0.2846652592442699,0.2673439816318431,0.5155639996550512,0.4079717457286458,0.7847966396736488,-0.14965469438089912,0.030721135340724858,0.14155381970233,-0.08856938012041655,-0.4304052053696929,0.25628597502392103,-0.002909163655545854,0.017425538115708124,-0.04748141112054028,0.6006322649107128,-0.44360519506249446,0.38516166595857226,0.25749348970695546,0.5078880147604842,0.2732100877528891,0.5689669425090939,0.06629385970115952,0.4438580335167586,0.3385828011818282,0.38082607917907674,-0.057891042260355,-0.231314041653436,0.12901971340416887,0.04736609330095551,-0.057782508787454896,-0.08308999687857935,-0.4229258747929815,-0.41628261527065297,-0.5291167642354356,-0.2767397444375653,-0.3589345569005833,-0.456928386550291,0.2965183917515508,-0.4025634295686416,-0.3212745124246138,-0.5295873980374263,-0.6338873584014811,-0.5127140660689411,-0.5841380061201803,-0.6003969321506245,0.029157396030401243,-0.1961142916402231,-0.0352059047799566,-0.5045275912470462,-0.13078640200230432,0.2033387584415918,-0.16184001003879775,-0.17605828253626005,-0.3181602898698804,0.33368566011684775,-0.36065773965223225,-0.19055262438366402,0.1348594630895835,0.09254591647927152,0.2997163049314879,-0.2643921152812556,0.23011999312637402,0.26920130053986324,0.3920816328062231,0.013584680296009857,0.02619651510226092,-0.002455855628147058,0.11513595413746029,0.18373696585647284,0.10256832089740227,-0.17890653554831737,0.21839401924915344,0.040581109973188256,0.0757392189431816,-0.4083911735608663,,0.010343117319659739,0.6267759757896969,-0.27519483943408224,0.31114108297291454,0.23419512178595228,0.02300160735512877,0.42879803736297073,0.3568782274589334,0.09920617248736104,-0.07346015712539995,0.5008482783330208,-0.27435478244831824,0.13034546262827507,0.301305839354426,0.2882085890155757,0.3732604171333724,-0.08855272483444533,0.6033332641145929,0.4451001394879154,-0.3148097139345094,0.14258305760783338,0.1447476352510439,0.3520410401953569,0.14375121395528018,-0.15691480165092297,-0.4221520174626239,0.46239151985920124,0.2912720462286908,0.3444536497945808
0.1797278132270559,0.16812119297916533,0.36826147718476315,-0.12114116244039806,0.32941463956603473,0.6353005415286241,0.4872968098706277,0.33450950726708506,0.4374928085263325,1.0,0.3281785252934473,0.5659965381351783,0.3265937627490608,0.5077579540768357,0.15008345762745895,0.35617511294930665,0.285590934056292,0.5148022123104061,-0.08933557022531093,-0.04954227965084736,0.020992908171936765,0.0909962509123641,0.04565921203501761,-0.07337355999430863,0.20310163365539188,0.11878913726838997,-0.19581021450474506,0.3104783267507407,0.6482019884088589,0.5325371665731164,0.5181038540767694,0.4915663234550809,0.09229872372160687,0.6855465799009602,-0.0951995032921774,-0.052501804422674936,-0.19019116691154583,-0.18840682411374163,-0.1255214323405065,0.16613616761067326,0.2027013254674123,0.10488615185908179,-0.6309695043573673,-0.3777603924664331,-0.7378130788775515,-0.4193355537642057,-0.6264204383504132,-0.5260999520004864,-0.0676596509882998,-0.7393825753304178,-0.3314541290569786,-0.7255078449063487,-0.6256193911284146,-0.609545685310697,-0.4064469678541052,-0.7125254917512697,0.10686454075827609,0.08593906018106674,-0.08966545687471938,-0.608164226003437,0.4509774770587187,0.23011770709499646,0.37872819064529145,0.5197141677983376,0.31332444857923336,0.02383236611425554,-0.509077323009738,-0.30662810946836333,-0.32166890806128823,0.08323973056887424,0.15025689458469607,-0.34535264446042296,0.39181252343778983,0.237568494282996,0.49889069171422984,0.35525170575158405,0.3776937600378144,0.23290114173018414,0.1560492619201649,0.40711883446265335,0.09221325745470318,0.19082575137317714,-0.02976298697619537,0.3389058800004262,-0.09210317356840061,-0.645859185209372,,-0.4992975432137573,0.14725067268155698,-0.5768092007577351,-0.1073107802187436,0.029927911675783122,0.11900407425071086,-0.0353566662729145,0.21526533291120506,0.15553261604162197,-0.04760900042574081,0.2667187018212248,-0.4523973019792329,-0.12269724216719406,0.30017625311865564,-0.2707352485975099,-0.0866040770867396,-0.14426834204048478,0.10299817817019243,0.4830655386068571,-0.10647345621594383,0.3747035751975373,0.21932485739521007,0.07587895741490272,-0.03629019584448818,-0.009866922703557521,-0.09955213282765975,-0.005719714058382156,0.30297680641542085,-0.08686178734167173
-0.03544596959374196,0.15414705463628106,0.17458133914367083,0.04967051989486912,-0.14536328888013889,0.1261667215860241,0.13853082140938922,0.05349132369612973,-0.051170657773089,0.3281785252934473,1.0,0.40893507621888103,0.15521521931567936,0.38761076685506896,0.37617346644651517,0.08077139590941695,0.09002901818986028,0.38165575587533346,0.05199583903990183,0.3005226741397539,0.27769095955428996,0.20691207877519124,0.4565874524137899,0.3314669497546491,-0.06496635970561308,0.13574186673755184,-0.24574630365369174,0.1288739945159721,0.0027722444116136903,-0.21191392251187385,0.22475366502439173,0.20815641050259,-0.2644329881372049,-0.08136223645917315,0.050966794096003666,0.03297385677494756,-0.3188814799325039,-0.4804039641946407,-0.3393793545352149,0.10622872037642715,-0.3041891770972221,0.17362828623490245,-0.07449431141397955,0.044117312473035505,-0.18762436204544805,-0.25587812759833034,-0.21876631645118697,-0.06186569113113285,-0.15711429522932605,-0.2597644174624297,-0.01324040279553835,-0.08654688314435567,-0.10470452431447866,0.08297376240595157,-0.19629753529264987,-0.2689559779175133,-0.04759331372151353,-0.28862646759114235,-0.005413051502995625,-0.265040592525294,0.19229721076645967,-0.22237154054262756,0.325796554526572,0.2806219439797142,0.44833967555232734,-0.25939393193859117,-0.17190945765982218,-0.28726668940491273,-0.48002689664601117,-0.012010541670623365,0.01409899150758875,-0.060561941695058484,-0.10726318252998239,0.0750048054021826,0.13428834437169268,0.10730408757234979,-0.2296663305281621,-0.27776009586657857,-0.37486150910201843,0.11441881278541215,-0.13908713510740758,0.13809112770481308,0.035476789633622836,0.024887333898828513,0.3516580570229948,-0.25895152376148883,,-0.3441940751654699,0.01585097036526272,-0.04548593979646562,-0.4641047338409039,-0.2706916694105696,-0.04921827402910496,-0.1722132617704554,-0.17688042940207088,0.056223911055098594,-0.39265819862319884,0.007610462833312592,-0.29481903620776817,-0.2498655215176025,-0.17268482177156302,-0.5098855477313858,-0.44015864550052997,-0.18460295663985096,-0.304257308808513,0.04881240814910678,0.01944668342985181,-0.008489787814562645,0.19505718806177877,-0.30351615738102805,-0.5384937616495863,0.27851714623548585,-0.05198533496832445,-0.21521613760236497,-0.18184878493817144,0.10691560515014513
-0.12984016821340907,-0.09471028605326173,0.4715497657808198,0.2973837200763643,-0.049253723860527475,0.1451650818573528,0.38721501177815304,0.6151797702381753,0.2846652592442699,0.5659965381351783,0.40893507621888103,1.0,0.44303771106910844,0.7765890725714881,0.40200575370527347,0.42119465446215243,-0.24927698974371795,-0.031199115780969844,-0.380498532243385,-0.37397850279978023,0.20758048018481848,0.31564344928611937,0.30333422214430134,0.1778235040289414,0.1874644321430876,0.19294864970649395,-0.05929051705995745,0.012516876484989836,-0.04001959245889236,0.18382669484999672,0.5499980212068226,0.6116322488609112,-0.44114711859376965,0.2391344339683301,0.3159617109035987,0.43087138736712755,-0.21163871243539234,-0.33577880015940925,-0.24133772865200095,-0.06643378927718871,-0.1378595671567748,0.14248102729233267,-0.4455864343446005,-0.28139737262056275,-0.38663014996625794,-0.17131198645250312,-0.44943717090086766,-0.5421951214858979,0.5001207969589032,-0.5039317293029532,0.22111909789890427,-0.4431033838372744,-0.2386722177392549,-0.32522739700740494,-0.6041442376967402,-0.8205944764223737,-0.3062372559428619,-0.4714402681483333,0.40212171876223846,-0.4335519345546044,0.12493379509615195,0.5706264129864871,-0.04911535295492317,0.06010615673105953,0.12378365036332532,0.4973234685748697,-0.33179782777771294,-0.024224034298082148,-0.6117365327001696,-0.4046639629633945,0.3846010708733805,-0.14694611973382674,-0.04886556452404621,0.18249011695031994,0.13305093072400653,0.18578566909120267,0.07130721729588098,-0.15803310256104672,-0.2572710268108233,0.20956013158292783,-0.13261512170511996,-0.07371252783015757,-0.3135155071708581,-0.23783071268327355,0.40753545711712463,-0.2643642170604523,,-0.34980313773891414,0.581270326107315,-0.4874042473973636,-0.12070083612030309,-0.21827987717961223,-0.09502223621435937,0.06895875723761408,0.02351108102454541,-0.2076803659879624,-0.48694948513843106,0.13474344077940872,-0.2918180578189024,-0.08531873002153059,0.0022512220687036827,-0.241005205074975,-0.19220876316225827,-0.0711810570278373,-0.2618549222500919,0.09732995089700461,-0.032805537881665826,-0.004998265991538987,0.019543525696439436,-0.3994827599796218,-0.37453214013093483,0.09028417490042431,0.04499016535794361,0.1959196635417307,-0.078992123035425,0.317470827981009
0.0735900350783328,-0.2663136217969418,0.5511969620639973,-0.12142302284016528,-0.06052595729364185,0.42487740503153226,0.6277295148602289,0.36066377538055405,0.2673439816318431,0.3265937627490608,0.15521521931567936,0.44303771106910844,1.0,0.4123904709705529,0.46223880676412,0.28255020551407456,-0.2785372377098431,-0.24674894829925337,-0.11782358042657949,-0.45557743346804663,-0.12277056050522259,0.41425823440988535,0.008388689106634805,-0.4447819966793041,-0.029163052110810377,0.11401028861393168,0.11688961738740389,0.21582615223688387,0.14629017299558797,-0.024530994435607197,0.25446084277332787,0.2600560095479728,-0.11413159373537794,0.3739112532033429,0.680877321116081,0.4197788624878524,0.30522220532702193,-0.06775971149143027,0.07798813723689509,0.20604573784836386,0.1354783614972363,-0.27658478372936207,-0.4227382891967363,-0.5234336192837916,-0.3691343891877821,-0.19511839333164932,-0.32700528755345515,-0.4824479822717396,0.5682804245259179,-0.5241339871647787,0.31074559234346255,-0.33335298373976247,-0.39625051180238446,-0.26700046582122944,-0.23974149423685195,-0.5198494735678526,-0.08376456177317133,-0.31849250366139026,0.5665536290786594,-0.2639289356945684,0.12780581789697407,0.3968577618976063,-0.3409679982380252,-0.22066370729889276,-0.057588040255729014,0.21196451532315377,0.013820163151257718,0.2505128816602183,-0.03670727455334297,-0.2754112711586698,0.07453169041626496,0.12794850512697312,-0.14505921705333086,0.05835558737829042,0.05727213701849264,0.26774548119399605,0.19601496898300289,0.210481783858833,0.12178827477304298,0.4389962179924658,-0.4610206714877777,-0.5917176694407137,0.17664961954241684,-0.45530089496681553,-0.17788607490674216,-0.4626753549744815,,-0.3080726788499782,0.476834551766762,-0.3478023672333238,-0.13605651870625546,0.006486349302555806,0.12214722614814867,0.2976239165197227,0.4303569810062314,0.417230755758995,-0.08612986471114784,0.29762256531834935,0.07377589856821375,0.4553370782189141,0.37101585781344554,0.2846296322195945,0.0981697937202311,0.337099761467856,0.22854910928112374,0.45934549732987484,-0.48741507183954863,0.017277011891224634,0.5002286026300821,-0.028737890289353144,-0.3584124091350009,0.142717873511406,-0.27423074051861096,0.6920146749437922,0.3553436231374425,0.2413685747981904
-0.37983063973937375,-0.28771231368814854,0.40121148005438845,0.5422384035990259,-0.27341520227982397,0.25899401358599694,0.37712307210923657,0.7203170571422232,0.5155639996550512,0.5077579540768357,0.38761076685506896,0.7765890725714881,0.4123904709705529,1.0,0.582354682408096,0.6531999485700806,-0.4076646560542529,-0.18723972857700347,-0.2727401847588689,-0.28585505131425604,0.08542121786574348,0.16439441225867865,0.48750501278889,0.3847156371416494,0.0028807063118577087,0.36290567996040973,-0.3198433766588751,0.11525027564730446,-0.19763102379381453,0.050950738813350896,0.34201576835525044,0.7223629117374868,-0.38116446034500345,0.061120764748671674,0.2884551929653174,0.5184677954323421,-0.2591232580087567,-0.4032997490783393,-0.18105145953719215,-0.0019350846435300048,-0.08839597542204528,0.23704899629528106,-0.2641595068353799,-0.16451662918895507,-0.392971777289094,-0.20156762460459807,-0.2606687224560655,-0.4892241323030248,0.34161257022595914,-0.3972903756941298,0.042348319982509514,-0.361771049541363,-0.2961256184513955,-0.21068880021757388,-0.5616292275622486,-0.7694567286692725,-0.37873915095861266,-0.6045507815037825,0.26735626617336566,-0.5840866518766938,-0.055670046828146934,0.39168154247405246,-0.16995329381045918,-0.08234084779728651,0.024235485568703606,0.4852582474495658,-0.5660206420963703,-0.24590779409538324,-0.5709015618383989,-0.5233034317210391,0.2585486888948584,-0.2023004538807166,-0.18154117426332544,0.19163137407448494,0.1528479900636937,0.12164920045936446,-0.07865896536147504,-0.16353097891295826,-0.516641850986653,-0.09953897538874772,-0.2585231142133663,-0.19137443743241067,-0.036822110281587016,-0.3619008888670536,0.41992960145006714,-0.16094973886278893,,-0.3174326945090241,0.7801098922266961,-0.25491447598839795,-0.11816734027541542,-0.05570958338145112,-0.10397872420693735,0.046755031241239954,0.055955630533843406,-0.013825102832915753,-0.509177195713809,0.24653118541270624,-0.2979422225907427,-0.026015833720593146,-0.11622688375315922,-0.17676996717547475,-0.20390441443944934,-0.2019669228942428,-0.03225760071826301,0.2519216562028921,-0.14700303890699018,0.011848314396085727,0.31922382271185185,-0.1254098593829746,-0.42231557786642776,0.3953997818369743,-0.21536730318882172,0.327280429622074,0.07183851519799023,0.3424295401572971
-0.6258336094190313,-0.7355258421084067,0.6080215081187487,0.4534161240088023,-0.14399177039159186,0.14879110198422527,0.5575870541645448,0.48399105590855807,0.4079717457286458,0.15008345762745895,0.37617346644651517,0.40200575370527347,0.46223880676412,0.582354682408096,1.0,0.6603884729243198,-0.6042904331414449,-0.33297059943543067,0.1470044660009344,-0.10065766445374079,-0.11380703136588559,0.31331454207055975,0.6836887533252253,0.4045816918753848,0.27601855356188126,0.5191396059923782,-0.16391267716968314,0.22722838646493926,-0.10899914717539709,-0.1799142978371814,0.5157926740511691,0.6082532580873472,-0.24091210109271813,0.04626347219881371,0.45618307430447613,0.29179694896119207,0.06043259933186373,-0.3196355010024995,-0.127337560666662,-0.025521761679259194,-0.08957472490409972,-0.2181885214050053,-0.21508121395379975,-0.12122466377154593,-0.33982058012103006,0.04275307613769449,-0.18347046371927975,-0.21099103894654647,0.2568727652964758,-0.3159563124337487,-0.005580798712952426,-0.31377842878489504,-0.4438918525735229,-0.2434748874371777,-0.6160284346353915,-0.3943426181403307,-0.21009812426829183,-0.3750350754796138,0.03259625343010105,-0.6400413755067493,-0.40051006012062645,0.07108522106740818,-0.5413068807567779,-0.4766339838343451,-0.3026697400156773,0.22247094431664702,-0.4601948809967969,-0.18168738977925458,-0.1954070388840962,-0.5437581190438672,-0.028662338289076682,-0.0626650650992437,-0.37758482332587096,0.0477086764623914,-0.00639565537853302,-0.2254958638915608,-0.217831557772143,-0.007627514830171128,-0.2711440914030954,0.04572296278139613,-0.3417803989834496,-0.45738432222680236,0.5350339454264067,-0.2744757004796201,0.4369476732709207,-0.3540960644527757,,-0.3243672310446415,0.6410930759527648,-0.014795673825826833,-0.12348747383473709,0.2682931766737125,-0.028396473024436916,0.5192726719372399,0.3905706932935462,0.45683604118094273,-0.3003940371489967,0.4083023094331923,-0.3175610460332785,0.4828380015497732,0.12828118431976443,0.20054403523559988,0.19943983849885077,-0.24781873782486216,0.40542394769712875,0.5277780414445092,-0.04224967775839159,0.09183097358876322,0.4395475125864294,0.002288890025815377,-0.19288963811013377,0.40017527302795153,-0.16197596231406722,0.26716579027935317,0.18284865506392484,0.295113489495504
-0.580800671488532,-0.6468233497218304,0.4715268057034224,0.6624154436020488,-0.049657048493129484,0.5040177544198728,0.4711776814338974,0.7074866279804095,0.7847966396736488,0.35617511294930665,0.08077139590941695,0.42119465446215243,0.28255020551407456,0.6531999485700806,0.6603884729243198,1.0,-0.5597266719123936,-0.2798424287697913,-0.10543888618790256,-0.27123908156923676,-0.35157170327857856,0.4476260169387179,0.19724604885295843,0.2198119193198221,0.24340851705320635,0.7796211481743064,-0.1340001109598094,0.5745944507235422,0.0484943402991401,0.10060830776515658,0.3224393920985819,0.6782716046818609,-0.10820124674858052,0.22794513662746477,0.3214313716365119,0.4248059937726806,0.052870305544307265,-0.10247545244307217,0.11205804635082725,0.25461911823972455,-0.07393466474302114,-0.09838627129490382,-0.25615904911221704,-0.20407639928222232,-0.3515239839293995,0.022579120150274735,-0.15723092599584468,-0.3472780394734169,0.3640399175943785,-0.2523579396776597,-0.19655707573829342,-0.4216725259454181,-0.5500177627799763,-0.3690265524016958,-0.6537201750768942,-0.5065477731851321,-0.2669296183389277,-0.4134233633418533,-0.10477294809577016,-0.5277310180074587,-0.491868312039891,0.10327862277641643,-0.47140903552531394,-0.46618074460184433,-0.5092002403141855,0.41078257293461434,-0.5138602733545099,-0.1350777619471667,-0.19349013542337007,-0.2933940429798898,0.10521364057037627,-0.31244763689694766,-0.18518867793997504,0.01743837162363037,0.11908056967547231,-0.2317328282975512,-0.11701575048608939,-0.03660968591721261,-0.12380621441660587,-0.04038522553407917,-0.1161643111326684,-0.3171197576064241,0.40209343423379873,-0.15969323250298612,0.41797435616837314,-0.17439138192016107,,0.05765862500152884,0.7451578948677763,-0.007733267047140109,0.2545034539888003,0.33334947890128946,0.07501515563126968,0.37788022244496394,0.34251796282022734,0.18703468826738828,-0.2132493058639349,0.49361879617206367,-0.29529995816475335,0.29683994559860527,0.21724314436125644,0.331020204208719,0.21719809159469303,-0.057205167576100946,0.3937128032974205,0.45402888648977147,-0.2504052363282452,-0.07970432004411364,0.32831472712521176,0.06930292624373212,0.047735995522771746,0.09773655865278387,-0.2804233890403841,0.35341257152452094,0.245321923177206,0.25707471824962014
0.6216043298440375,0.7387505176838747,-0.18323572998887824,-0.6620433746005041,0.4212958083531695,0.11261202938800585,-0.08191361121661607,-0.3985474159560568,-0.14965469438089912,0.285590934056292,0.09002901818986028,-0.24927698974371795,-0.2785372377098431,-0.4076646560542529,-0.6042904331414449,-0.5597266719123936,1.0,0.8298487682788335,0.30014032798157253,0.47672778332932936,0.33028656436278003,-0.21390736125703763,-0.32606886707621824,-0.24804514228110316,-0.320024010917876,-0.45798447214432947,-0.23204502195948604,-0.2446331627804567,0.5647063199755606,0.5190538630209527,-0.03319018713765577,-0.22690469933193272,0.46196164649848226,0.3169061058811021,-0.44660680281601406,-0.6270483836654135,-0.04034210787659572,-0.01203138973908728,0.04382659515427044,-0.025169406150094803,0.3342030962006184,0.2925375098412837,-0.24762424788859416,-0.19398530638977246,-0.21778283431614015,-0.5432255747019165,-0.23486398067370245,-0.12878375312055124,-0.5391665619881002,-0.273038223552913,-0.24560018564769973,-0.10621680977312992,-0.06725724209502443,-0.2046745665317317,0.3203197247708409,0.08085323728207776,0.4567904847205714,0.44683904424958465,-0.28195949442484186,0.02144427297100289,0.6483949017545423,-0.2546241455254224,0.8441698564943897,0.7606960994469332,0.6879535959051036,-0.43494712572690697,0.1645825335107298,-0.23695295460523627,0.16398432360759224,0.6524937192236601,0.1581434474472019,-0.0773590474152305,0.7454680986877876,0.2687095233154376,0.40392453310797405,0.34389940560897037,0.3729926200344948,0.03980407481063143,0.4488354782445784,0.24730616410429881,0.3974627564726562,0.48137880305056857,-0.3483890329902471,0.5875687218468469,-0.46999764058757837,-0.2600084493123534,,-0.12681675610109006,-0.6587527308845992,-0.3733076010808703,-0.012672605018492652,-0.19469137018908436,-0.11045662001949348,-0.3740209539793295,-0.09319648905018314,-0.029631849190401197,0.3710686574358208,-0.03219844784404921,0.1435135925089126,-0.39655787327630887,0.13408239196371027,-0.48926389123981906,0.034376923785614355,-0.11399891123243498,-0.12258135335502475,0.004039320213043936,-0.08125379830979967,0.2550849710171104,-0.2445960219619766,0.1443805127677515,0.16845432208592762,-0.34796567924759747,0.0026682516491248888,-0.3673187763352678,0.07514659110541799,-0.2005890313830373
