1.0,0.693721158812575,-0.43370716184172586,-0.8878702659754782,0.3111715456267721,-0.17734450130154708,-0.22042595839040047,-0.7196230644109095,-0.18659224547323155,-0.11117147649285274,-0.34631205195872283,-0.49146969906704036,-0.055618928285075864,-0.7505485083244986,-0.7358002927532852,-0.797048289394222,0.6980800439722328,0.41982825035544824,0.2399450428150921,0.18212413471750558,0.04754681993827861,0.049949199671861344,-0.6367525413027811,-0.7112241748765136,-0.22177667379998187,-0.6521925595573338,0.11479365662406843,-0.37464050513060826,0.4355461415817972,0.039761254518024126,-0.3058867547933408,-0.7657275718488247,0.2837382381424638,0.2226666856475833,-0.2811884006252228,-0.3248595638381509,0.01768584263568264,0.2965449511569648,-0.13162082342130227,0.21971369425354761,0.04846302264932807,0.09873735302716569,0.22768566955706704,0.08639243375488331,0.1690830904123986,-0.03391286715867566,0.22191908797094875,0.28770485127799933,-0.25189107659277526,0.15603311993443983,-0.3165626189056883,0.33322714393261016,0.49546049429744754,0.2919122949604548,0.47543553856782905,0.3898296334049666,0.7666051136825459,0.5938012281074363,0.08932432112184374,0.6151090420635109,0.774196819324663,-0.2681168070760348,0.7023839371932579,0.5902928776380368,0.1366837288806007,-0.5355082749191814,0.5404793687675695,-0.09394134116382746,0.5032204312198307,0.705863637868854,0.04515797071171855,0.23802334834323033,0.2571485590226164,-0.09851712798064077,-0.07715129185162112,0.3304806927922391,0.11951970590919976,-0.1245032627601903,0.5039914031860324,0.07255806849503176,0.49822338945645606,0.4019267758647376,-0.1812594682797639,0.05643255231852196,-0.6700228971236619,-0.10445441312637582,,0.3356378479489276,-0.5701380143905395,0.0875160945014826,-0.26477649967155537,-0.24384693610046318,-0.21658515734801076,-0.0031869411810723875,0.027662447304382023,-0.06084319927918577,0.2780495220518956,0.11272789517771035,0.37364099315198335,-0.10075418354565982,-0.011257814379497855,-0.015686890567634205,0.11444412314471185,0.4263062103783815,0.14807627925093214,-0.2857324801847889,-0.5239449175416276,-0.15415405071450108,0.13576466535066767,-0.14745053661440416,-0.12927895259240335,-0.3094035230134414,-0.21901123737692835,0.2833564335736721,-0.17356560678242747,-0.012479737224340749
0.693721158812575,1.0,-0.37583384360475425,-0.6197359425674838,-0.03411774334763834,-0.10188953122065841,-0.2672731359334593,-0.4420996728099913,-0.3515989313498456,0.0056192803134076956,-0.09103239764844372,-0.24778871020813242,-0.24690701878498486,-0.45517354007002947,-0.76864382546115,-0.7317942512888894,0.7955002268862239,0.6963479926697371,0.22762712951539052,0.441115447587559,0.2665370231770962,-0.30375955066004034,-0.48009590232735394,-0.4688636413940803,-0.4405970654061375,-0.7579807282875115,-0.24277860028053405,-0.35123720315213347,0.24159864165582634,0.19516432807882614,-0.15593302765578754,-0.4880086026329229,-0.02224654670167318,0.10102108284472622,-0.2735512910624136,-0.3594408078933035,-0.13749172025359202,0.11911393469160407,-0.0025817449644382636,0.059930894747490276,0.1004720162608382,0.4101634465981707,-0.0248683266399672,-0.07297628703791023,-0.08960499538749774,-0.42538334472761574,-0.1790183121466674,0.10266302279165404,-0.36140699230064594,-0.12494782031021448,-0.0281796737802224,0.0771884238405918,0.24413153410339897,0.10771332931225121,0.5929652954566352,0.21172423979619553,0.2723038513246729,0.39240451406292853,0.04230563868786346,0.5717865387592482,0.856488413319009,-0.09744319585292595,0.8393984634726839,0.803805529499719,0.5032213457169511,-0.4548417062183617,0.4390439062579515,-0.03850420453803326,0.08676654833760483,0.5188383249308642,0.3706036184782739,0.5299655843354797,0.4749588411113949,0.3580211008466692,0.3112298456898339,0.6955161821472893,0.2803792847833043,0.041066066010183255,0.08836424221657577,0.2046786643354709,0.21128009937507913,0.4034990986002962,-0.28127126378197703,0.3616695491290318,-0.43310954369044324,-0.11422051736660012,,0.05636788869418998,-0.576783594285088,-0.1402392221717543,-0.20022625363616703,-0.28405886695529176,0.018801373908301118,-0.1883094140937927,-0.2726171590028564,-0.15117366398203289,0.29449519491800685,0.049143545542102825,0.21228134747933794,-0.2619813192075512,-0.2412723390298468,-0.3073908564618523,-0.2466355163860568,0.22242218457403343,-0.06612718896500545,-0.3203550625581679,-0.1461877994185958,0.12741175871011592,0.004367090050607493,0.09346790015380163,-0.11034334984191228,-0.43780142836635255,0.16013051683902568,-0.022531143081770455,-0.17624830960709556,0.08086764563660792
-0.43370716184172586,-0.37583384360475425,1.0,0.44298192593248886,0.037712893337858634,0.6534904530460742,0.9205790285652472,0.7704600626433703,0.6188124837827348,0.5867636554734542,0.2914130207823972,0.5157872536621123,0.4244005624101593,0.4904500590441329,0.5866287738157981,0.6836408608570296,-0.3492344528473712,0.09302876843922718,0.2689678087267708,0.02097182860511745,-0.44823997346491656,0.07000335396765378,0.2897294241569955,0.24850480559162733,-0.04970748011973202,0.42719471535109793,-0.09511309648779653,0.6017882242860905,0.27328421946464876,0.442995120714917,0.5795020877173239,0.7215252606305333,-0.03700070191370551,0.5505533642788318,0.3436880683259066,0.12720025855978698,-0.06614667371174919,-0.42526586211066036,0.09698021121271114,-0.2759172103970709,-0.23845231692836405,-0.5177557510998877,-0.7980118083285267,-0.7102810016093675,-0.7324151243088751,-0.33014090589329176,-0.6529898157160293,-0.7004747404554948,0.195303791003901,-0.7556397017025274,0.1458778494680903,-0.815514711006391,-0.68921214773357,-0.7175334553599355,-0.49510314737207967,-0.5817670462033634,-0.2805050396441326,-0.14644453143524983,-0.2074097683768794,-0.6951081245451983,-0.4708928499048517,0.14788506925632094,-0.5057285968701474,-0.38705273658042827,-0.3764433775991832,0.14298726654851174,-0.6260085635317405,0.029332102744219168,-0.08947973098263243,0.034157410864343075,0.20463228498311167,-0.27346420778744807,0.16374933070497266,0.35238808917849945,0.3372711461924616,-0.16944388717462783,0.19739298486109838,0.4128779759791751,0.1502685399523246,0.27277214379726994,-0.15109307024165533,-0.40132537689380376,0.21512374707151924,0.2522806029136981,0.39315809807167557,-0.5372885239919069,,-0.17342000933209653,0.5062652255245562,-0.42416205634008514,0.6284671077962455,0.5335416017575635,0.29180856281104445,0.5319096369187809,0.4985436494107353,0.09350450569690565,0.0644641885472936,0.244965441809268,-0.22705557724447523,0.240062173485977,0.4791190847378637,0.20507594732414702,0.34044156704682654,-0.15761343718333692,0.19420693188011726,0.39122224536482014,0.14069417556733035,0.38695109237906344,0.11907849654616304,0.2687631476976382,0.2305137988823062,-0.301679291376597,0.07491999726909435,0.14126589682657656,0.15004633905137985,0.020783157616131122
-0.8878702659754782,-0.6197359425674838,0.44298192593248886,1.0,-0.35551596646490163,0.1758241314734698,0.20594720794075044,0.8135503528776137,0.3110939048148983,0.18152087536260128,0.31570040863532783,0.6710149592468182,0.21422977768272428,0.8916537379071577,0.7428699191441637,0.8305095384787137,-0.7879694777556172,-0.5395278709962839,-0.3017405652375724,-0.23936730738968587,-0.07429632352035102,0.052987058234506786,0.6115892401160078,0.6955362070386931,0.18255187836661935,0.694070171522815,-0.06661852219463339,0.30072901138057545,-0.6419972552659098,-0.17258713787768373,0.274440392867322,0.7424031267739796,-0.5438309440010755,-0.33768093873273575,0.41357967542142393,0.5306692670883488,-0.16332274986191878,-0.44116166001164353,0.033189978904245555,-0.26447375200837997,-0.22890382934819486,-0.008191351448906793,-0.17146886833949623,-0.10720369193193598,-0.09008914075615858,0.0881913485124923,-0.22308015777630363,-0.37603939175787604,0.48903936439464746,-0.1155313128152217,0.48029620467589457,-0.2759576714948441,-0.3329541553424748,-0.21919901419235618,-0.517230490645996,-0.5889349726443976,-0.7321781454212742,-0.7643144506541447,0.21044072437439784,-0.5143090906880733,-0.702133126985005,0.4070810946521654,-0.7428610370518713,-0.6720491190852633,-0.1956522969438429,0.6900225097549262,-0.48169865032924114,0.16210093990332838,-0.5928332177957318,-0.7523857833557172,0.07490494308504175,-0.17576147038516524,-0.41643508395956996,0.10075112138296716,-0.03378059990256028,-0.36066023609408404,-0.3047095669937404,-0.08678407940342546,-0.6080454316125888,-0.23622219492534016,-0.5214498279538666,-0.40996931958396904,0.00928909279791174,-0.2701723213684603,0.7408438910532789,0.21018231804530865,,-0.22869720011273983,0.760542080581976,-0.02450795017348465,0.3293794605447609,0.08233811591910949,0.09797738222393501,0.0221883708062348,-0.1739739783248557,-0.2154576202416154,-0.4862926562963754,-0.12215085473921283,-0.3407403362345965,-0.016482367102065014,-0.1864886115772113,0.04090128492101037,-0.1961490383706525,-0.21933924334698568,-0.23022612691755304,0.0820853652488319,0.32025512233235276,-0.08933821769975438,-0.15631816845968494,-0.06541692770901557,-0.15131438034270084,0.16083217232293304,0.12686956272490385,-0.09536635230263225,0.11931981550357751,0.08513778801279773
0.3111715456267721,-0.03411774334763834,0.037712893337858634,-0.35551596646490163,1.0,-0.13456433038409185,0.11314449121637916,-0.2389822335480682,-0.04161113463488015,0.2309982562200579,-0.3771189071005914,-0.22979739483726525,-0.22586289001383664,-0.36424787882351756,-0.20138105634835687,-0.13415079439900202,0.27987849187584796,0.2428629190933849,0.2903365393963769,0.1444315292146442,0.20103148120576037,0.174358913005774,-0.07044148776458897,0.09411898032083536,0.3769287021461583,-0.25189975889282046,0.5764395110293352,-0.2582457552957875,0.4450506597992911,0.14746442085727712,0.14602390987102076,-0.07418356935116534,0.44681438972521487,0.23097099035974178,-0.5904020416278097,-0.48882758324336956,-0.054615774911876996,-0.015512329467227958,-0.20810052375006963,-0.10276341054168414,0.2777779866882026,-0.16881436033702155,-0.017774243199872093,0.1407334585233532,-0.005274792151818636,0.21990142072598476,0.07741041557904225,0.054850257107640965,-0.4282395338164677,0.016446231360647826,-0.4091562472564476,-0.05769553896350897,0.04175841862582158,-0.21804158852348532,0.030608072159638525,0.028178801141819018,0.3741542803432099,0.40942159377030996,-0.3837683555037233,-0.1556654870794191,0.23874055411180298,-0.2900533926044974,0.30979204961615403,0.30098280916330566,0.17177339888773022,-0.26447588251706267,-0.09574353978962766,-0.15356165002385974,0.23199239463660498,0.13033984503288237,-0.6877523197554274,-0.5881103308263047,0.09257159379433631,-0.4164489395359496,-0.341325611289921,-0.21825100908373066,0.04597596722890025,0.11119605360864185,0.7013588215428905,-0.10573342090411324,0.4537434539853603,0.3841054704750385,-0.13853381799835646,0.3459264979506126,-0.3534338663429409,-0.17804414780728633,,0.005004452402750317,-0.435562641797784,-0.18669082407829915,0.32243507281326095,0.32175543447389665,-0.15031700269262618,0.06277941215255627,0.2816780378031783,-0.040635652269085894,0.24843512013037053,-0.03973415583960013,0.07845014390291531,-0.029405502632875474,0.22974677062951404,0.03104017956692182,0.41202054652144665,0.04040042350273635,0.15006631834917605,0.15808116522580412,-0.12643479518071968,-0.026839359125871716,-0.15064671028908722,-0.1964523880116671,0.43577115477581063,-0.21136813644552835,0.0013900090250270052,-0.2251984297975164,0.14696580318990696,-0.5112672264660814
-0.17734450130154708,-0.10188953122065841,0.6534904530460742,0.1758241314734698,-0.13456433038409185,1.0,0.7120390994653145,0.44069673459833714,0.5926019945822756,0.6301234531652733,0.21535336944142128,0.140433692107376,0.596232015422162,0.22970682721483,0.36240769128255484,0.4583857261000831,-0.05521422873119312,0.23315387245570363,0.2868448638584331,0.14967689438499177,-0.7597324282182559,-0.16960074158107713,-0.10924146013843813,-0.11671040668411164,-0.19518146280753054,0.3220141358480873,-0.13357186154960476,0.8482246174145556,0.4055188473997169,0.39846195297526327,0.2326614127135757,0.30611086719609876,0.08469735421622579,0.6362528122156467,0.3962233046624436,-0.04706127778939275,0.18912497826584715,-0.13465571324253087,0.37443890065236074,-0.0331504794219983,0.016594633065319175,-0.3529487815934596,-0.6416157278221452,-0.79382071436007,-0.6496145150435182,-0.5379837818103478,-0.4875038478268904,-0.3696528506443183,0.11916266549732,-0.6687156702881086,0.27402271148496743,-0.6159096826099844,-0.6014249524169456,-0.531092142304611,-0.033043779265707396,-0.22237508804834027,-0.0778026409320239,-0.024926350422177366,-0.11159138009895589,-0.39702008430599234,-0.16306003140911263,-0.036198585527798935,-0.334206768869114,-0.27485333222467845,-0.30387661722462944,-0.13219103478177813,-0.39531296447974457,-0.029104425380391378,0.04161351272465775,0.23321360276286143,0.2868267369403188,0.17437956347760014,0.37290777658603536,0.5660044775503215,0.6128227350443906,0.030374771684233758,0.42930020460652585,0.6045609212671673,0.19366643607388592,0.4871251574655823,-0.41591610225916725,-0.513502554625891,0.27779586469194223,0.22261984260423454,-0.07187326805748254,-0.578051570054416,,-0.24757951444330825,0.2498919441748915,-0.2790743964295138,0.5820942714691922,0.31910887273857647,0.580673229733838,0.35614526626004234,0.40674412710788627,0.13347718641401754,0.28525753057396774,0.2159276990366699,0.002106400750902698,0.26070200588377457,0.47639839540465423,0.36498414335522156,0.13894696125491424,0.2438486875392379,0.23889048615461844,0.446502878338247,-0.09047945848396034,0.4186240771730553,0.1416410679769348,0.45088642178047034,0.17327769564546924,-0.5154705230846957,-0.07618983629157097,0.33929544238593995,0.31108444980979744,-0.06892525785608765
-0.22042595839040047,-0.2672731359334593,0.9205790285652472,0.20594720794075044,0.11314449121637916,0.7120390994653145,1.0,0.5841868722944824,0.7214233504643278,0.5834178713748174,0.1581610011939438,0.276153089319421,0.49572438296017,0.2497301315926518,0.45469274426352413,0.4726918112033665,-0.14648355825659645,0.2205676972935027,0.435776083430414,0.14610608142810697,-0.5450464542034171,0.078151056491251,0.13099595113941043,0.030855601308485064,-0.15875696266829387,0.2535010223719137,-0.18743707572918386,0.600084215177033,0.4617889212765423,0.46047084338799626,0.4778380496434698,0.5200001960883676,0.17464918228091586,0.7155894590447338,0.37556059067656555,0.00043512275305723427,0.08567674593836129,-0.22738709394094436,0.1873604323534582,-0.22117088301846782,-0.06324443637161567,-0.5269137986847252,-0.8020394081882153,-0.7297814074873633,-0.7919164012169283,-0.40710043301706866,-0.5748680020194752,-0.6090157374194788,0.04322237154393638,-0.8094324344539127,-0.057526370505309225,-0.8057302370150429,-0.6890810263802258,-0.7494510459187457,-0.3912982739863918,-0.4290108170464168,-0.024606290261248158,0.09296166781225694,-0.31283048377611866,-0.6355430657088579,-0.3662488314058898,-0.02496022783595933,-0.390058957035677,-0.3193952612864157,-0.4592863658245911,-0.04166535136568007,-0.5776532531684013,-0.06071657428860476,0.16183000770610367,0.24373613572925007,0.22886341431699844,-0.1721117374486132,0.25809219034719066,0.3831353957848388,0.3741627749129742,-0.0094442474856363,0.35484437896725,0.4860302795348338,0.30255549063073917,0.2664417818680628,-0.08198243484475953,-0.4826136425130511,0.3006658466579557,0.2473893672611279,0.09087362555855544,-0.7343161759184309,,-0.1127195308401146,0.3590313296864031,-0.4606464798491587,0.5914055321347278,0.6503710945892136,0.35888759733239706,0.6719591792214099,0.6342297037358937,0.24866356190423797,0.24571243226731207,0.436642075811131,-0.11404706716352637,0.4000161425159459,0.6367293407604953,0.31689632267826084,0.5388278450875289,-0.020193188330146952,0.44574353070371836,0.5690362100836394,-0.024078683655700123,0.5233649124546542,0.27772823562554055,0.4313002148668348,0.38586377778772285,-0.3035328217628222,0.04104687606648784,0.35163734740048863,0.24914661881799038,0.08771734938618835
-0.7196230644109095,-0.4420996728099913,0.7704600626433703,0.8135503528776137,-0.2389822335480682,0.44069673459833714,0.5841868722944824,1.0,0.4416161365787403,0.4670880859379584,0.32941415615783837,0.7626799574242733,0.4034846960603451,0.8857725913021303,0.6347534691616551,0.8103953757797715,-0.5687774747915243,-0.26524344855139925,-0.12583043067514854,-0.21192482344536895,-0.1905579523878455,-0.024251894132617784,0.42168758618713664,0.5033344214644877,-0.08449368946187115,0.521566691166479,-0.14893025385178016,0.3589894097721279,-0.29587067219812335,0.2326735276810397,0.3857364741494263,0.8754366243893426,-0.36802992269007934,0.08606972093495242,0.42246399200177515,0.42963891041523455,-0.16868245208920338,-0.49901792571504827,0.10033322582963261,-0.40214520698769535,-0.19403331958064296,-0.24333967246875815,-0.6093852876901384,-0.5228988338354257,-0.4407634087804477,-0.23563892781695503,-0.5375155935365477,-0.7758736134526103,0.435760062720049,-0.5395258287108828,0.4908229898586146,-0.6126733270289592,-0.5569843626335665,-0.5485723504654028,-0.4917447719662212,-0.7738246973922904,-0.6684213064539231,-0.5751158284701042,0.12448362832195643,-0.652363785187549,-0.5733742227311724,0.4700884679731342,-0.6368217101019347,-0.5063045466845097,-0.14466408175936207,0.6011220694014994,-0.614299919257785,0.18801394092890197,-0.4575596831843301,-0.43523528265077693,0.2820458906345908,-0.24147309402273956,-0.07673588139564443,0.3123869614944676,0.15339541374506035,-0.21155161202088077,0.02199092391403776,0.20508996861261689,-0.2804060144170638,-0.031047403877706634,-0.3747034571074697,-0.4170480659404381,-0.09567931036269621,-0.06199973946889897,0.6547988214562688,-0.10872813052244702,,-0.2584516603380993,0.7255420791872971,-0.4442106296689277,0.5820612423095877,0.23120422263188636,0.1467369382660489,0.1261298806992208,0.04502469608233767,-0.18637559301820936,-0.2562930691872316,-0.04791974862861396,-0.2334511219115881,0.003867742611071949,0.13420348548927116,0.005936457236070481,0.03180465073621626,-0.26242684081093737,-0.1762440749651578,0.15645015161377265,0.2910976296266672,0.174422235810167,-0.09071711014276397,0.14575847221658583,0.0013430714474839823,-0.1212901115111722,0.15220151835410686,0.011962432052937719,0.1773807933256047,0.03843099754427194
-0.18659224547323155,-0.3515989313498456,0.6188124837827348,0.3110939048148983,-0.04161113463488015,0.5926019945822756,0.7214233504643278,0.4416161365787403,1.0,0.3169451611546061,-0.14049140929012802,0.07477988634792955,0.4063043701403181,0.21601353163372303,0.4162867080449174,0.503689291672312,-0.24149616439972504,-0.11369010320134475,0.2899324816162535,-0.013178014958390591,-0.6419012508469811,0.1709237581149237,0.024653948109393933,-0.016564434421066167,-0.10636914980612751,0.4138258937513093,-0.26635266511150296,0.4978321831069978,0.14319644441981458,0.29988216221056174,0.16865787879699864,0.3179934445237521,0.07482296130995365,0.4305691627749874,0.47461163758463154,0.17879255760639026,0.08815428854961978,-0.09732395465816886,0.2634242306578123,-0.03707071910597575,-0.06431239159588423,-0.1908398778107206,-0.3626454254923457,-0.4819487367921638,-0.4677938108402456,-0.276025320184485,-0.15082520982123598,-0.3967166006493017,0.2603712339574002,-0.40818719429041805,-0.11818760901711813,-0.4067186097046198,-0.41751481814387964,-0.42043353320263815,-0.4774446939277411,-0.3522530972106082,0.1583875309930301,0.03143766143444399,-0.11753483751570612,-0.37932304285681806,-0.4248872556701546,0.02342613084827687,-0.5083595313165605,-0.5486661681017247,-0.7290849599376196,0.18274614041745746,-0.3417902419260007,-0.2684006011497197,0.3450822206659806,0.14540777729485038,0.3178610868462877,-0.08885917748201663,0.0950525579403,0.36382073884842936,0.2551197779746882,-0.05194455593216179,0.10276610880232455,0.18453403571711297,0.15168836469051147,0.05008102391534598,-0.010440239758076241,-0.5366097778378806,0.2468771147269188,-0.15042071201755486,-0.05141871528618894,-0.37689779637508525,,0.051519784711674135,0.5032825610885164,-0.16079659261152937,0.49325939583155853,0.38868118128646667,0.10037285846180485,0.6071295279261576,0.6001177552438454,0.12690367599022057,0.07910967807526471,0.4694813380930764,0.023843853828378482,0.31673164952612876,0.26784683225744166,0.4317081941283716,0.4799487972806318,0.09452747250929393,0.5623053708541018,0.4028632914278877,-0.31530016327041616,0.2295909844165582,0.25133622834523267,0.3637496674354749,0.19749926027740972,-0.3006567483711877,-0.35831993191013367,0.575856321372633,0.17400601717064945,0.18189168415457282
-0.11117147649285274,0.0056192803134076956,0.5867636554734542,0.18152087536260128,0.2309982562200579,0.6301234531652733,0.5834178713748174,0.4670880859379584,0.3169451611546061,1.0,0.241187532197284,0.4713947845625926,0.3732322376003882,0.40172215491544766,0.3288332915872855,0.35807863461976847,-0.053066249981661505,0.29951965898336225,0.13544197760338306,0.12150452559958595,-0.39418674572882684,-0.33543255416200307,0.25420995620893283,0.27031670685941095,0.23461571197726144,0.08808063228127037,0.06225064247633056,0.38722798618935306,0.28366370321045276,0.322653443583687,0.4311745340493134,0.39154257941073256,-0.1624477213820925,0.5125976933227125,-0.021763257045492392,-0.1341355259522025,-0.3986526253930144,-0.3634222376455282,-0.2077463342091512,-0.409494464107686,-0.06273890843485191,-0.258926893046662,-0.6126414421618568,-0.455578887189028,-0.6099124212342457,-0.2454428027342971,-0.588904194851157,-0.3448160237333687,-0.07179577011550346,-0.6908482159729652,0.24926543930680556,-0.6863818193402301,-0.43742101443107295,-0.5925162624920846,-0.24708184102123912,-0.559331280440569,-0.04691593069688295,0.16619956471565306,-0.09597348964090834,-0.5424396093684476,0.1365227997950466,0.22484235807523853,-0.0905647682138747,0.15317384609832904,0.04549631040057135,0.012799467533207582,-0.6316028270454528,-0.1475462466034068,-0.19292916472487415,-0.023159003762947487,0.03075994296359162,-0.15265901111301697,0.1901650368939242,0.3888098293969797,0.27589136844413303,0.02025108403487818,0.3244018907790687,0.6269351712394334,0.10245991844951799,0.2645690452229451,-0.14220017681575634,0.04417942744318488,-0.15675552295863476,0.3216521754785623,0.08694999733158378,-0.5735394212997835,,-0.7002187525111575,0.08602126047698636,-0.5506294616774442,0.48508241232158456,0.16634548544044342,0.30947766708444535,0.13278253118823166,0.12142965638065083,-0.2573182417925082,-0.05124739011241873,-0.13125536186159167,-0.36507880779796203,-0.15660802822666886,0.16749407103887104,-0.061214398926650565,-0.06524594944949201,-0.05733557385344996,-0.06167741509104366,0.1982574483237315,0.27521076166918,0.4912233505954141,-0.15318137973013474,0.18325194611617127,0.12064205636525153,-0.487320153584036,0.15309218825633036,-0.08938364576069505,0.12599423469177426,-0.4702468844676236
-0.34631205195872283,-0.09103239764844372,0.2914130207823972,0.31570040863532783,-0.3771189071005914,0.21535336944142128,0.1581610011939438,0.32941415615783837,-0.14049140929012802,0.241187532197284,1.0,0.4581130203153725,0.20522625121946192,0.3796503336517145,0.49370629049979486,0.27027215914866687,-0.21009061130309922,0.16217308497427688,-0.15175684800683778,0.13714701916931646,-0.07886663617752174,-0.03377793645720127,0.4408392150255409,0.3721988816504034,-0.06263277961718693,0.39699904298699584,-0.20840442507235868,0.38813143300480163,-0.22495737206811167,-0.27117100056713983,0.035530955454316615,0.23377807383013105,-0.25579093046669327,-0.1393308572689551,0.2562862889855289,0.14227650834216674,-0.3865889833734261,-0.5185289430640687,-0.26552951641077643,-0.29046475445473885,-0.5977829997133491,-0.2697486898008968,-0.19703098308772954,-0.13261339111239548,-0.047299565877957805,-0.15242897118971105,-0.2570287263966649,-0.0966361312804632,0.03208996139734699,-0.2277189333609658,0.4177110223771188,-0.15287074858977123,-0.1490642800243279,0.016391478122337138,-0.1983873135332287,-0.1808514690623529,-0.2397990912592391,-0.17883953463008548,0.00039380925768625846,-0.17670226238154743,-0.2366055304045907,0.03888033142416497,-0.05229546212809276,-0.04289409683576657,0.2440478340269806,0.028952605517829067,-0.18394265925731032,0.023681176226365144,-0.21236740045731153,0.014968743242745525,0.0815632089184257,-0.11220388346974221,-0.14934070998564428,0.11105134701460845,0.05453056241117076,-0.19117158482367833,-0.2194744110416689,-0.013466656161728655,-0.38050364828962063,0.1534598322557722,-0.1681881910626979,0.07511009533109637,-0.12068288465778793,-0.0011987884620862045,0.631891117660811,-0.051172453926542766,,-0.3761075829949544,0.06361852984293467,-0.006894930809004164,-0.12177424488646214,-0.23075081194680092,0.042756124535977075,-0.23493759044240348,-0.3249257318439027,-0.13319720745631555,-0.3997264780445884,-0.3034709232734492,-0.28019480256313445,-0.3394745510371758,-0.06459925726466939,-0.5182913081328228,-0.3916056234003083,-0.3756750319667412,-0.44154193897296645,-0.16869992264405265,0.4558759577301605,0.2034357762680149,-0.1595207197223781,-0.09435965546034952,-0.42052249397120167,0.05495275027951021,0.058401076926390086,-0.3494743513279356,-0.2781593299417175,-0.12081327585542743
-0.49146969906704036,-0.24778871020813242,0.5157872536621123,0.6710149592468182,-0.22979739483726525,0.140433692107376,0.276153089319421,0.7626799574242733,0.07477988634792955,0.4713947845625926,0.4581130203153725,1.0,0.3984349761122858,0.834727117373972,0.5082546811564272,0.5939512343416739,-0.5884205702384949,-0.2747473341254921,-0.5116224260054719,-0.40632290400063914,-0.06796305200958615,-0.0252979262990415,0.4291493844480802,0.44759877715940244,0.21079098983843586,0.39155700343546346,0.0636508461345202,0.16582138281048706,-0.4367169846241225,0.04104769700439204,0.39256677074929125,0.659295818386691,-0.6061107558917516,-0.08754597396418735,0.3014135808182803,0.5226418597615728,-0.47582104656896596,-0.6014630160619434,-0.34417646765112764,-0.5101353095164184,-0.5152103747291846,-0.2730599164680096,-0.4249845373111149,-0.22634827580871025,-0.19409977724647903,0.07373623867422013,-0.512740118062434,-0.4937034818718703,0.5667811766913502,-0.34332287633931086,0.5575045590856972,-0.45384815248685767,-0.24621345032970407,-0.3093709537020108,-0.5465477264962811,-0.8284479020949201,-0.5862594563423429,-0.5390757758228274,0.42025396290335415,-0.3708908224587327,-0.25655671437231686,0.6964098298158968,-0.4096927104145769,-0.21522929616859474,0.055078046565584605,0.6585075497598185,-0.4382386513803681,0.3127045969588413,-0.5689357951047179,-0.5084239467890224,0.19752652483522903,-0.17846897525331418,-0.2730180747531692,0.05881810030281154,-0.04246624954545436,-0.18481321263624703,-0.1232536286786618,0.05773617371531363,-0.3831308269456526,0.09956298273691318,-0.2672981694007821,-0.05570060102915487,-0.4163661077027245,-0.12589041185193972,0.7187310692081077,0.013607975562905808,,-0.3778240783526929,0.6246063304387888,-0.4346770094055117,0.21416854501707577,-0.11441088328538322,0.09189171159729077,-0.029307722510623944,-0.3458454458965399,-0.5039561589735849,-0.5784006747187348,-0.3538269075368151,-0.431805617757587,-0.2081773264718776,-0.07987892493478312,-0.21036172074382326,-0.29979473942237517,-0.21054600125532522,-0.42417299780082124,-0.15523746659534957,0.44771679593464353,0.06361424032582173,-0.2992016809407129,-0.28415352722403486,-0.3009263198338496,-0.046500046614920305,0.378845573652715,-0.140620091106174,-0.08624495809929052,-0.00437472763493372
-0.055618928285075864,-0.24690701878498486,0.4244005624101593,0.21422977768272428,-0.22586289001383664,0.596232015422162,0.49572438296017,0.4034846960603451,0.4063043701403181,0.3732322376003882,0.20522625121946192,0.3984349761122858,1.0,0.3802125783573468,0.4439384951497581,0.40364356154211023,-0.3788872429460288,-0.2768221900890485,-0.18909007325301053,-0.3172729271335587,-0.7119429294766463,0.19608720588782438,-0.13212979955159315,-0.30241731833958035,-0.07259617803956313,0.43510119934588704,-0.05116444002893269,0.5050561119098536,-0.016642040679046427,-0.07012913815080395,-0.008588044484922681,0.18143669907588866,-0.19309492403283754,0.24368116410821028,0.6812734967469265,0.4932698481844333,0.09199452306463897,-0.2048181043774038,-0.03225152923543805,-0.16799742488697517,-0.2756270452660318,-0.6208766812716425,-0.37190118761127067,-0.44722887233424474,-0.21802705530339003,0.029904751911829532,-0.3162693432316093,-0.2576483167042692,0.5645246684765631,-0.343434046419191,0.30017327303670394,-0.3524181434781658,-0.36347591612065133,-0.2937457185952024,-0.2756318754380524,-0.4519320583629656,-0.03256250768841001,-0.2590966987203127,0.45818600681726324,-0.1788128674206791,-0.21401774085080122,0.3118772006736277,-0.5102116149397873,-0.47427918717311757,-0.3816548007235715,0.26740966600090604,-0.19760672891653572,0.4025109326090277,0.04392669903048804,-0.012166717210984716,0.20202279049288488,0.20108856317182436,-0.2275010819599425,-0.0017721763776939838,0.01949899338748211,-0.11962711621597859,0.016078822969300487,0.23738818245678572,0.06389624493983005,0.22302289931008018,-0.3331705649576639,-0.48695162865235064,0.02853963060506387,-0.30633592698340073,0.1404609748570388,-0.3843918643763639,,-0.008412913456370252,0.5588650069132562,-0.206356123118403,0.19853160895018,0.10423573107249146,0.2820210593082716,0.3733901691627883,0.007047333808468889,-0.002439235574363869,-0.22643979926821667,-0.02286662391132963,-0.10153092041911647,0.28597303154742676,0.40262301768632763,0.43269402385972705,0.14906382037712906,0.32225983883368864,0.17007762463150883,0.2797126071965886,-0.23006345244202173,0.03148140719023848,0.210247113692887,0.11007916721606978,-0.16623629587847594,-0.17902957182568088,-0.03936064242549455,0.5313781646891446,0.3671337087284975,0.1223338495069943
-0.7505485083244986,-0.45517354007002947,0.4904500590441329,0.8916537379071577,-0.36424787882351756,0.22970682721483,0.2497301315926518,0.8857725913021303,0.21601353163372303,0.40172215491544766,0.3796503336517145,0.834727117373972,0.3802125783573468,1.0,0.672611716475441,0.7959081044866897,-0.7304970311038442,-0.47542447070018384,-0.40927782164437915,-0.35608570977855625,-0.11203323801474789,-0.06820977756949785,0.5636199803154164,0.5994438876158561,0.14441825211931594,0.5767013808306538,-0.0947584785187207,0.22209677428206556,-0.5862703212763918,-0.08292252626330066,0.2426201438164064,0.7714188471866743,-0.6335007403189127,-0.24614113836886053,0.36466541164071814,0.5638599701380139,-0.37101474403975204,-0.5354859862439422,-0.17192348910916716,-0.3803617970408298,-0.3053429275309348,-0.10632544132978371,-0.2929371260494159,-0.19033502294053756,-0.171751468191411,0.048144400379635965,-0.38305517284408613,-0.4811875755645354,0.5058006869001889,-0.25782877348397243,0.591424532925965,-0.37232510730736146,-0.35773696404682886,-0.27057003938909685,-0.5358609780943282,-0.7834480204126569,-0.7018964005523707,-0.6667109251759425,0.33485709484907494,-0.5055777879142661,-0.49744339791052467,0.5991522467143445,-0.656361526247384,-0.47364134036874994,-0.05456586340262739,0.7136026829782504,-0.5502636630002503,0.20827549363634387,-0.6166733172915372,-0.6979365513177884,0.16805023792308793,-0.14344532745851796,-0.3738570499515981,0.1520443214840302,-0.04066703942409976,-0.2327301720710263,-0.20505315122219153,0.10923024659091357,-0.570198417397248,-0.14336081857062816,-0.4531346104696513,-0.25771619901569115,-0.19942210599580135,-0.253782686483127,0.7685113164662718,0.12251644497011838,,-0.3924613136907351,0.7559166541335163,-0.24723302090917604,0.30701150222195067,-0.0375329273371699,0.03704045406194545,-0.074320804589415,-0.2686072401411561,-0.3280270882538704,-0.5810003215908821,-0.312547116268993,-0.3832969474585578,-0.171196830766498,-0.19541241659623879,-0.08978269400418659,-0.31143456072285564,-0.31045826134009025,-0.36118942814135313,-0.02544375983425159,0.3654804793332379,-0.0006749028033955439,-0.16249174100572242,-0.033191312281623725,-0.2731090725836323,0.05203879316500243,0.12513696484515016,-0.13826376513246008,0.07505646653359611,-0.0800421011120945
-0.7358002927532852,-0.76864382546115,0.5866287738157981,0.7428699191441637,-0.20138105634835687,0.36240769128255484,0.45469274426352413,0.6347534691616551,0.4162867080449174,0.3288332915872855,0.49370629049979486,0.5082546811564272,0.4439384951497581,0.672611716475441,1.0,0.8168943158911789,-0.7213017612305634,-0.3977008180110015,-0.11309274985890774,-0.1248858848073281,-0.4456358218814525,0.07587691814652692,0.6976519172006868,0.5379087013255432,0.3460110404433081,0.86250668632745,-0.1305455257732596,0.5266778113379998,-0.28475466767283586,-0.19762864158095583,0.35369158766320224,0.6254663973186021,-0.2821516303798458,-0.08382644705033485,0.4013467589156308,0.3311779248695753,-0.1600350333344645,-0.5278597177985247,-0.1667112222704804,-0.35993149984790956,-0.3503653902640703,-0.4823564667876078,-0.27322409747351145,-0.1557259000392779,-0.235565046915817,0.18160207064794642,-0.256015625739378,-0.23254608969612994,0.3149876650956602,-0.2627837120400888,0.1863387272289264,-0.4105446959293599,-0.4913111192492314,-0.35156335729232663,-0.6648849241220139,-0.46731504320256767,-0.3016618469718334,-0.371205429959218,0.0012614529683620144,-0.6949472229008941,-0.739760025001889,0.21767005026342798,-0.7524683497118858,-0.6853865456159706,-0.40279236017475933,0.4411762095935874,-0.6147749881342652,0.01090536488418039,-0.18755254589860432,-0.43619918272682173,-0.09040648837298774,-0.2745752523108544,-0.4154680645634693,-0.019559210054542284,-0.036215053447889445,-0.5974477774438646,-0.35589614284596105,0.08219616889202987,-0.2962518106834359,-0.061416296830388316,-0.28834777519672056,-0.31908082529831944,0.24732560530698078,-0.12557595416178483,0.7008849575600427,-0.1538950308001409,,-0.34515286559748604,0.6538651378765163,0.0628699330560413,0.19378306242949664,0.2717643262167752,0.05121291886301398,0.2909437502099435,0.07586339411055576,0.12686877225089035,-0.41706792606474624,-0.07167599668582796,-0.491525313620244,0.14280271586259188,0.09696496067413089,0.0947776939709208,0.07615777427414502,-0.31855746561215775,0.06859878335834957,0.32854630827799675,0.27150701586534637,0.11785985297031802,0.054652659144105734,0.06998720041010367,-0.08543641232014001,0.15898221793161627,-0.03863171388159646,-0.05035663000440113,0.2514675193491832,-0.03835166124994315
-0.797048289394222,-0.7317942512888894,0.6836408608570296,0.8305095384787137,-0.13415079439900202,0.4583857261000831,0.4726918112033665,0.8103953757797715,0.503689291672312,0.35807863461976847,0.27027215914866687,0.5939512343416739,0.40364356154211023,0.7959081044866897,0.8168943158911789,1.0,-0.7750828994043003,-0.4694434684289927,-0.23927468917890574,-0.3559378346582364,-0.4217898625244543,0.12730041941795828,0.45436910137990366,0.5156073067233421,0.29939050890825053,0.8334456984854803,0.04257538046961868,0.5500901576823689,-0.28921030841662815,0.06318913000915327,0.2932680518654715,0.7760896048255403,-0.3234209507766067,-0.027438876100777908,0.3734982459743395,0.43523910915214864,-0.16782445790511366,-0.4925443598425607,-0.03232152319530102,-0.21705525623952662,-0.30097987015204897,-0.3711506973727075,-0.32399839888767734,-0.29097955533041986,-0.25324583533123113,0.0744308402199455,-0.32013514677116267,-0.4026610025018447,0.4804232191950979,-0.24574724216699803,0.34614524447617573,-0.4331147616976514,-0.5557002977211639,-0.3739684144778871,-0.667050183038234,-0.6466044685124077,-0.5292739637467362,-0.5211431821714114,0.0776691850548859,-0.5957145617136717,-0.704111945932443,0.38050133328849706,-0.8181843536428666,-0.6902989171474058,-0.3664105671187308,0.5704550616912129,-0.5437433956410257,0.1019550437643079,-0.2938355005301084,-0.5286161370178248,-0.059035128169418555,-0.3271816126804406,-0.28181333918814583,0.05276197344821676,0.02474867264785862,-0.4431292474959185,-0.2005697305586785,0.23487972702637064,-0.2014921546997777,0.0905689432447739,-0.34724499578441076,-0.38772588339008357,0.09172097229458342,-0.12195052645032396,0.6246377303742657,-0.020819068372650025,,-0.2722180679788553,0.7383464485442596,-0.14168833232577788,0.47467315205792115,0.22346621346025872,0.12442946592222347,0.19113051575507461,0.14607041717233152,-0.0665664598368287,-0.37300109415710675,-0.17245651525798764,-0.34036672019107195,0.056986457163517516,0.07721316789890045,0.2083776078363183,-0.016834909160893103,-0.2799429368571729,-0.03565848924303106,0.24198024314385402,0.225699159923642,0.032541105309524615,-0.09630022963423085,0.07488549309172933,-0.01981236708432169,-0.0583221821626052,-0.08962796142840415,-0.07496618767315669,0.182238498735326,-0.15918950792844522
0.6980800439722328,0.7955002268862239,-0.3492344528473712,-0.7879694777556172,0.27987849187584796,-0.05521422873119312,-0.14648355825659645,-0.5687774747915243,-0.24149616439972504,-0.053066249981661505,-0.21009061130309922,-0.5884205702384949,-0.3788872429460288,-0.7304970311038442,-0.7213017612305634,-0.7750828994043003,1.0,0.8070908181576665,0.4845928380824168,0.5908153911419387,0.25141998548828975,-0.2752785062538349,-0.47980736522051903,-0.4565098675170091,-0.43332304899753415,-0.7337425480508504,-0.21723254896548666,-0.31930976155926294,0.5491183102743217,0.3587978744369071,-0.10623003843108562,-0.4828837428674271,0.5065339265342355,0.3037166779158293,-0.47943209367009043,-0.7225103679930416,0.15388083561559407,0.25412268950907047,0.2124415922198365,0.03981994618134151,0.4229930188786008,0.27118149086659177,-0.07998101489688174,-0.10420092408506439,-0.14686992464326437,-0.49515498115023954,0.011706857714241334,0.06691298287862833,-0.6538982889719576,-0.1658748586964754,-0.36945198421998593,0.058436149233611956,0.14059386436878726,-0.0541597228851908,0.6468311849606064,0.47278371844899114,0.5226711231840209,0.6427323283340742,-0.376499140300421,0.32219331690798825,0.6855065459158524,-0.4311757882913589,0.8882864679711987,0.7463472146398967,0.43177642684953504,-0.6146863839755542,0.3112401188343401,-0.2884320294494442,0.3960136297474187,0.7068660793574011,0.1609371426685445,0.22650374113343688,0.6765961784451363,0.264805112866604,0.31400023799289,0.4410726364421725,0.3780053372830541,0.06472707568754668,0.48119237077749066,0.14724356067551192,0.4401147745223231,0.4044996899196405,-0.12397957464388036,0.528071705648388,-0.6301186923595874,-0.2205782559284705,,0.11659673159952341,-0.7831886524573481,-0.15656375050475937,-0.06959016960594624,0.012003572067165721,-0.06473125467930164,-0.13199831973997775,0.06915583134925585,0.17419566454269433,0.6498945786005731,0.2306466142055289,0.3823105244508336,-0.06578806524700684,0.08027325802253245,-0.290148662080973,0.20268671161106386,0.13315557970795366,0.18483399008741638,-0.022995334443881552,-0.22949683330398535,0.26161900621334055,0.08385311595417043,0.22816819237257535,0.25279123292562544,-0.3818869956806872,0.04338114740602914,-0.020664687411740233,0.06124136123615579,0.006221975776674853
