1.0,0.2653511160063151,-0.3863961373351313,-0.6355130398285155,0.10408812773437354,-0.22127457816955512,-0.18909059117433283,-0.6402425187101614,0.03402935346959174,-0.3579374963676975,-0.3726981388521876,-0.7227395780559815,-0.06932617055689257,-0.8179295558449742,-0.6238748191715708,-0.8442039263280657,0.6781344741673354,0.30039890642376366,0.33960091777432744,0.4092505121122312,-0.046359969178647084,0.06977787863040238,-0.36535155842278394,-0.4165988481889851,-0.00839150417916839,-0.10396510110853516,0.038238578649573474,-0.21856378436426457,0.21987944433172538,-0.46926347012101505,-0.3612859543612107,-0.7804238879230878,0.477284675756929,0.2824876911624617,0.24915109230031082,0.023373566745308414,0.06852434989200724,0.39424930756342813,-0.0334060562355328,-0.09738604577275009,-0.24949658622722662,-0.016067760317692817,0.5026891305707648,0.2706480850452043,0.4225809509072653,0.290466476266511,0.5018247307114846,0.3714733302771683,-0.12924303892816952,0.3503295994350481,-0.2131654161215122,0.48870263462996794,0.36513686046723276,0.39722034262198935,0.034168204527533115,0.36300438314157896,0.8084828567750992,0.7451531124059914,0.0002808615985653962,0.5871625729073453,0.582874054614088,-0.30330099855552944,0.6859505491963664,0.19515953153802112,-0.6298887675523903,-0.30220794889692637,0.5406274208280063,0.028276996943408916,0.784175087905573,0.740891860441056,-0.04556611954906591,-0.07614059338257778,0.009814724368410481,-0.2481205523174819,-0.37875313420938317,-0.1230563436551548,-0.3361866014932335,-0.5202257001897741,0.13473153830733628,-0.31216911941286946,0.25762473588807827,0.04913970666948154,-0.15257528713823676,-0.4212252255507738,-0.5354145200776751,0.0668260521104344,,0.5418639672152521,-0.14355513634755768,0.42876108815410685,-0.528033694791534,-0.2301440239940082,-0.4734540325839865,-0.019423590462536593,-0.01542960013671093,-0.12809414787271028,0.1636776767004606,0.03539477321683538,0.10092813779574686,-0.23728116015557424,-0.19992506743412522,-0.15645813262793362,0.22289725463444654,0.10120820908447518,0.10917934215114528,-0.28029629045909715,-0.4949526486189533,-0.1903855605661387,-0.08129804959502876,-0.30856733946172016,-0.08040033134667929,-0.2248485788519193,-0.4723648993346182,0.2658589785076449,-0.23477678604317873,-0.08426797224910561
0.2653511160063151,1.0,0.024812374172511177,-0.28852409119507066,-0.06937573955495986,0.09485247680126471,0.24094613290491837,0.003411187826691395,0.3161016239739216,-0.017987442249899115,-0.19286773256484024,-0.025924006512085637,0.14338468101455729,-0.08306720659741276,-0.15219493119237054,-0.1725135356374306,0.47628829105768283,0.31125449512400294,0.23788286723507748,0.4263117850345845,-0.0675199211895305,0.27997033828919693,-0.4863243804852395,-0.39950202321983797,-0.30212198991922257,-0.4363209324685405,-0.22248656139663825,0.013106524116424016,0.1401592849716179,0.15904646297941022,0.1417356168550328,-0.14434629339284596,-0.2571079362932029,-0.01558999641833392,-0.09149369919878256,-0.13958782470095216,0.15281336512063684,-0.028390846405796383,0.11303514281966871,0.49789534595599155,0.2513235637936317,0.3593772666933337,-0.13521287020768638,-0.03604090314403361,-0.2620802736214111,-0.35263532974949413,-0.13594827632414247,-0.0570379719768376,0.08322126123682583,-0.2687240491101219,-0.612983939244557,-0.039304151310708274,-0.061174401692710954,-0.08096264207833997,0.2252022828896578,0.056029058763654875,-0.018146769034020217,0.008717522384537409,0.1658526530316031,0.2890228719935768,0.21196940707958123,-0.05421589703184808,0.32866097018110624,0.3123790250683585,-0.03949138798182947,-0.2202926495268384,0.1917515231223715,-0.2602484299581622,-0.07136690154794556,0.17242060731834538,0.14068128437645402,0.3938736317764862,-0.029204353790096643,0.12478238600134861,0.26916010925257156,0.48131870886344597,0.04028352610754055,-0.1272225805636072,0.29128056341836933,-0.010165933934079325,0.11709210196767868,-0.1583790461063059,0.5320634677627214,0.3414995656961623,-0.3427855472084497,-0.3184901963162334,,0.38104086492386896,-0.16077283485799437,0.11176013891133445,-0.04115432299509647,0.281069240022911,0.14580684068734803,0.5298831093304271,0.1775173501675253,0.2321598331937624,0.19574168551745177,0.38652262754313743,0.01634784885900463,0.2986134610375774,-0.059064956267223724,0.41255770042502915,0.353976647718534,0.35333725432967406,0.6098550832910261,0.08708377256747295,-0.5098101300320761,-0.31754366730705896,0.5298417652754583,0.1180829844271011,-0.22002793331963394,-0.16772284433595183,0.257886437045067,0.34487483901953836,0.21879410384039982,0.6091652637309535
-0.3863961373351313,0.024812374172511177,1.0,0.127327005617406,0.3394438495803248,0.5256453170433432,0.8791987987448684,0.7290580046501494,0.6787037867144868,0.4572454288085948,0.3217062826814148,0.6885745476853462,0.5560931090261524,0.5710327137103257,0.47211339676895475,0.5842054753921349,-0.21644107366655332,0.24554266605082942,-0.04143034423658255,-0.21356837451944075,-0.1747024866186718,0.22981158777920221,-0.0710391738668379,0.04039643763181438,0.021221807006391123,-0.12716903237734195,0.2875465531355625,0.5607524980276264,0.3039521507997945,0.6606057981147412,0.541594717165641,0.5595283877764835,-0.18629768646056766,0.41003327318770394,0.11560832183805422,-0.04966359423572935,-0.09107222434367943,-0.3772841270400958,0.12816846959998937,-0.13045692980739962,-0.09552233282202315,-0.24075218172072899,-0.8809407145285781,-0.6948801820088047,-0.6709709532770313,-0.5709658082171979,-0.7266118021887373,-0.7325521263659123,0.3171102903788156,-0.8679253722879008,-0.13905035705684352,-0.788979375241301,-0.6205330647563114,-0.6838567745444328,-0.2695592527184719,-0.5692703745498507,-0.3968711390759416,-0.24286766980560295,0.08932331932262746,-0.6224519715470631,-0.16551452648279055,0.31367314845469596,-0.4542115033510617,0.23093031964908822,0.2805788390551914,0.1258143342442363,-0.3880292984337997,-0.08808280471389959,-0.3030868660667555,-0.11579566811548936,-0.09571177232531641,-0.2703053606145866,0.14958478343687814,0.251945328029939,0.2770381749570355,0.15176556323730023,0.409985362455021,0.5896296658319773,0.48252808901544997,0.22447832164952697,-0.14057363364332257,-0.30724685027424586,0.2091717332543438,0.373399256172182,0.02280986936780809,-0.58010904645439,,-0.3674147519042183,0.003491153460592624,-0.6524279209285005,0.38514500074778213,0.4989813289628754,0.4601340175190785,0.43234289440577245,0.45931284335812383,0.10861632213739433,0.11887817632621503,0.14931031136277775,-0.3312757945565354,0.21069431635176147,0.3532123515073299,0.1688809147042273,0.2934729673633983,0.03163275846321408,0.23022970350755162,0.32850064936899714,0.26703025870096986,0.41663066704266694,0.11802246796066478,0.2817513843328122,0.05693513419168794,-0.2377856447392254,0.33010466198860333,0.03905744367882774,0.12226966766104619,0.0775102433030197
-0.6355130398285155,-0.28852409119507066,0.127327005617406,1.0,-0.32411135024317006,0.2512428416163259,-0.18224168507308391,0.5997437380718232,-0.22408106973517972,0.3674729903717735,-0.042386103154797364,0.5373243935646866,-0.4258282786952789,0.615884411245292,0.16562860691645154,0.7026058401813876,-0.6910833254484325,-0.3881497432502484,-0.02966694234679323,-0.1240681697069405,0.01102363667095014,-0.16311764024186742,0.3481192505468239,0.7243790863211176,0.03456897608440686,0.3673280313085344,-0.12171460523480548,0.2505506482280035,-0.6177667104277467,-0.017219230555614484,0.07189341838479262,0.6635197414341331,-0.42704039493441065,-0.12409668414470411,0.08231680048265261,0.44337312199698986,-0.016643346512906977,-0.1680308523941004,0.030518317349040494,0.06375486504434352,-0.05884208542645582,-0.04209579981981494,-0.1374252990923889,0.03276266173876461,-0.11813298343344587,0.11370257427276166,-0.23629270219762682,-0.20053520043399573,0.3152971356846098,0.022770476906115777,0.6384207207366154,-0.2174939163362065,-0.21339184980596534,-0.18674051172181608,-0.35747754646710117,-0.5414653404226136,-0.6938986551453681,-0.6878659960877714,-0.27013795498401244,-0.3606754694786177,-0.669055894887534,0.43225994060104767,-0.6660608263273313,-0.3900250799845017,0.22389762773454464,0.6834705608693419,-0.4153551754656204,0.09786054067369437,-0.3740771621113471,-0.5938960710029487,-0.05928146548284524,-0.09732608675155531,-0.21803199632865997,0.26172100216517624,0.04718059201963792,-0.13878231481413306,0.091644944339176,0.2035857591644088,-0.44981981830331247,-0.028883175054724628,-0.3228737869713568,-0.1359485085104925,-0.2536338694289792,0.034100479115567316,0.46296317237189005,0.21128734521429465,,-0.2601030214848499,0.7141219744918486,-0.379936014854292,0.3465494762591256,-0.2760971669003026,-0.01079761758316032,-0.278376188089867,-0.26994131321466797,-0.2763001569615165,-0.2176993543051358,-0.26964820761731256,-0.059660927998317334,-0.29618773380988617,-0.11246785015475533,-0.2685354355376756,-0.49964706757943766,-0.42410288350358866,-0.4426864875339481,-0.1917478666208932,0.6350805376017267,0.05891211154583743,-0.2337263506976163,-0.05312313070821452,0.18772956214231357,0.0468321358825783,0.21499707958494851,-0.39467786307797187,-0.19971892889432916,-0.013341436139598085
0.10408812773437354,-0.06937573955495986,0.3394438495803248,-0.32411135024317006,1.0,-0.11428556445972873,0.4959639494857836,-0.09669539935027671,0.4880184887759688,0.2873108893079735,-0.11341478144143306,-0.044395825432665986,0.46079233292298755,-0.15182593955128085,0.05934666308754636,-0.09285162439123307,0.17854427226102176,0.42206966518782807,0.18751066834895833,0.166427633525396,0.3085810804138016,0.48233607634373415,0.03180815350340906,-0.18550420110145355,0.6300339908887025,-0.1905379332585643,0.9035036011123586,-0.13594965227326705,0.3674439671911741,0.17409838731582006,0.4167660826151193,-0.12478790035465012,0.06918163929703679,0.29690305641381853,0.1628993712991067,-0.044526317027669356,-0.09587776887929925,0.1009596322034317,0.2388550434411314,-0.3228265261065201,-0.14231249854381098,-0.1608423578908526,-0.21338574220908244,0.009455155686376138,-0.18197855028117482,-0.04010911537354946,-0.38717908638347037,-0.06814832077207501,-0.04338376437405139,-0.29648117708592253,-0.2824993295861855,-0.3723219196410243,-0.23080590211735957,-0.369010977184748,0.2132477701837796,-0.25460538983318304,0.0973144312348725,0.04947225389852075,0.18619856012640118,-0.0924412980341936,0.5040406436297951,-0.24942810835407428,0.1340885071413283,0.23182316845784734,0.16759646462948669,-0.2876863767884989,0.19495687987009175,0.31425797044933096,-0.1353598743287528,-0.06358295740296552,-0.6272652619036334,-0.151671943735478,-0.22833958877747246,-0.5133431811670447,-0.28797393229003,0.10261860952026211,-0.11267555706414811,0.15951358014485148,0.5038616378552422,0.10561189084206057,-0.02679000988260662,0.01195052395593231,0.23832713103314504,0.21884921961545184,-0.47552435845136926,-0.5376794782787194,,-0.15822824493786308,-0.5071635789230101,-0.2948780579279763,-0.07279112112448034,0.3712322082471826,0.39199127909262804,0.22898280809706076,0.29040100631756344,0.12771047275893627,0.24405140352083676,0.22818956815653596,-0.629140806756118,0.25000035671574483,0.06165051329926896,0.2944715270645749,0.1832107895801724,0.5245676704921444,0.29193276668010676,0.4200619551181404,-0.05459476011934254,0.17389683054539046,-0.024480597082121296,-0.009427728033296208,0.2950807857977186,-0.3476603297733313,0.08375074011609251,0.23667279874323963,0.4224441667509934,-0.23243035380068294
-0.22127457816955512,0.09485247680126471,0.5256453170433432,0.2512428416163259,-0.11428556445972873,1.0,0.49486775594582844,0.6152103605653698,0.4232562242092194,0.6014886355815947,0.2472755327987015,0.32648843927752313,0.3443882980906994,0.3998370303889178,0.4527996854443348,0.570514875974847,0.1254285312632663,0.3003098266032453,0.20258847376814917,0.21218807715395532,-0.683112687408448,-0.2388331470473565,-0.20616223423130742,0.18177341030382355,-0.3045566364769232,0.23438015370990384,-0.20218105038572529,0.8760058233538808,0.23475543550623873,0.5128204773984768,0.10539976466351973,0.4336380859328874,0.08723148376492945,0.4048341211256269,-0.01685343144627567,-0.13283488795925089,0.21390366382042708,-0.287041667210896,0.2780694283330117,0.001868845497595995,0.21457401467024037,-0.31456694238733063,-0.6759053342942134,-0.7415458297083974,-0.5128718580166766,-0.5859368610731341,-0.31544981601797,-0.507734840671986,0.12006543387428555,-0.6674364081135984,0.10261499442260642,-0.5118892488722601,-0.4298945476291209,-0.5538459050846798,0.03285425038439118,-0.1915008439749767,-0.22398677617381854,-0.17456101523535314,-0.25453565209392826,-0.6414261485109487,-0.42033817798461265,0.04924343359100397,-0.35932821470414605,-0.18369266609137813,0.09892016771297313,0.0939628843182356,-0.5762576292093461,-0.31955673983419025,-0.034491369798586156,0.1526377355598185,0.026994448962246533,-0.18403642849148022,0.40241287369333306,0.5028619418226631,0.5095185666231521,-0.22675043151789903,0.3945551911472656,0.48382362210380103,0.5303927512068624,0.19077291505262442,-0.06115989909970301,-0.23404126805405345,0.14737055536350535,0.37711341819842653,-0.07251808874827195,-0.455445246040841,,-0.2537665081963821,0.23761024359829702,-0.451723909488307,0.5609800288292387,0.2025631796512763,0.24830662456713803,0.1433498083480731,0.2301960589069331,0.049083613192256445,0.22954803652019912,-0.028730046984259412,0.13623548128545424,0.029014805682745577,0.5520495270675534,0.035029005770443586,0.3485023664491425,-0.04600949669950969,0.17645733329033245,0.2620983207490583,0.04915625836317095,0.3274221886073534,0.14803393231980932,0.3078232623083027,0.056357360473994644,-0.2884097569169171,0.16960279761201857,0.13051452850588574,0.2637551885993938,0.05775266178069019
-0.18909059117433283,0.24094613290491837,0.8791987987448684,-0.18224168507308391,0.4959639494857836,0.49486775594582844,1.0,0.5673351828337618,0.8651219360538634,0.38349372478311994,0.28419215676111104,0.464961023709998,0.7782710321734985,0.3688302077678365,0.385408614907432,0.3343101553841915,0.05048305886370786,0.31935237470712075,-0.01107777186325471,-0.0505348280405828,-0.21050993082882957,0.30004242667053493,-0.34215486987876154,-0.19485245914796387,-0.02000035700936573,-0.3225855436925827,0.41245376319414956,0.5704674899519668,0.39760574029868745,0.6166768093315022,0.38520995667174335,0.2542195617120714,-0.059860234448801335,0.43439995740199777,0.15171551499573066,-0.16934379079054357,0.05951882066265173,-0.2659905760871624,0.28538502091844575,-0.09893013594315511,0.015639461927592323,-0.16799093176203753,-0.8255925780299693,-0.6527819388862551,-0.5968134878731363,-0.7126050634316623,-0.6509700027798249,-0.5510917198581451,0.25829603919564353,-0.8849545921056211,-0.3725938058084428,-0.6566869276172921,-0.5217243822844294,-0.5981389312117665,0.025416934285640787,-0.31697771990096635,-0.25693997599137824,-0.14602764789295702,0.24323232912447298,-0.42540255490254764,0.06400007294547416,0.11419429744477133,-0.2490447787788998,0.3621482609203772,0.30659905419981254,-0.07427429240753665,-0.1850388801780736,-0.10116212814974795,-0.1959534700336394,0.006169001131715662,-0.2344141686321858,-0.19443132406863503,0.10644458567531773,0.12299079047400321,0.24158629927633166,0.24730307585333663,0.43760919909491885,0.5398547420681696,0.6390404300039393,0.10043793556722276,-0.1656798691283418,-0.4125897261490282,0.42058947525687645,0.38633052207339325,-0.3284880259820381,-0.7154293910619993,,-0.16518256081417806,-0.23097176043370687,-0.4908308949542897,0.27418212021705357,0.6314140960569014,0.6040835180379334,0.5553806532271837,0.5087110436267626,0.21463247296738722,0.23857110673592943,0.26416491877118264,-0.3267690626563804,0.34364884847333166,0.4084514798958819,0.3440872460380949,0.45325571058357145,0.2777641929615335,0.473296726898405,0.4730722315034106,0.04485048183336772,0.3991468520043758,0.21618178832707988,0.35099962060564655,0.04362816098894875,-0.26845955139178534,0.3507282560836395,0.24134779930141678,0.2607882982788594,0.20454568393574715
-0.6402425187101614,0.003411187826691395,0.7290580046501494,0.5997437380718232,-0.09669539935027671,0.6152103605653698,0.5673351828337618,1.0,0.4206809171041304,0.5099286880263773,0.2834250913589296,0.7858252835887239,0.2627563309725375,0.8447839111505988,0.4387250769425686,0.8108169891280488,-0.5162153283065107,-0.15799959307711012,-0.1423271136637963,-0.17628471298101825,-0.26971539537629474,-0.033478216042504165,-0.1765330536431016,0.36833845338959753,-0.1345479650808946,0.11641188247373865,0.007530888924659663,0.6498906727513677,-0.16362547304297523,0.5103857654742415,0.210554056784186,0.7051216210901354,-0.3132514175190374,0.24457191291763716,0.07293422541941709,0.21191062152930715,-0.010388183253542292,-0.4345644406297125,0.16140362977493153,-0.024477903155602145,0.013417405584284598,-0.08268979449643121,-0.6821889177487019,-0.535355849250124,-0.42321682362127827,-0.526674160931422,-0.5361679587124671,-0.5960790052882606,0.5816799939562342,-0.6368623312863695,0.28021959639179705,-0.5232516817098164,-0.5153451621098313,-0.47395140549481624,-0.28531598353376086,-0.5734723798643026,-0.7040944598530631,-0.5733901212167073,0.0903983197715188,-0.559759536212349,-0.5388831380749121,0.5619130474844245,-0.7995302268933244,-0.0574983777713824,0.4012148248242489,0.5537492944117083,-0.4688052273834298,-0.0705469816447,-0.36802682075309523,-0.34711140871505475,-0.08501379118757114,-0.2676204855016167,0.042541907153082544,0.3960508857610161,0.31590376894596156,-0.0755369370422614,0.3511021175665941,0.5288418260650554,0.09619082131194925,-0.011131690607276682,-0.32168883872039106,-0.43059890283925023,0.06810420893381793,0.34715908746298085,0.23230120100395046,-0.25416962398502274,,-0.2145390746582579,0.4117161498282098,-0.4717650066134283,0.45799241047860445,0.14255071319497925,0.2566451110302262,0.0638464532192095,0.007987152371727818,-0.1981542291696662,-0.1401425239453357,-0.2332129901691433,-0.18530624298417486,-0.1330406626129723,0.1825678816739074,-0.05371359037912504,-0.1260284388382492,-0.2923986516750245,-0.14577284882317468,-0.0069392184797675395,0.5033258029354764,0.17618292275398464,-0.11914106648572588,0.1527033164973275,-0.05898699074743696,-0.2477622860565241,0.30520588166985635,-0.3200743963537675,-0.05154626634856916,0.04070675737530944
0.03402935346959174,0.3161016239739216,0.6787037867144868,-0.22408106973517972,0.4880184887759688,0.4232562242092194,0.8651219360538634,0.4206809171041304,1.0,0.27937491617145815,0.16314944293558725,0.2409437081099673,0.7348621299398201,0.21667480541315232,0.19295368039729258,0.1455838534782973,0.24048575517150791,0.2999441514075141,0.007648808865223345,0.03275463810304063,-0.1771324947653178,0.2633442855094204,-0.40316442358799,-0.28228936728251586,-0.08440821994869555,-0.2920057436982618,0.4561293511456083,0.4697953673460313,0.2653300972729294,0.4883973121152508,0.2087982109468306,0.06092445236375532,0.041624886296383314,0.4291753757709497,0.24538675085838646,-0.1520584254923061,0.04551323710362261,-0.17838618595052616,0.4125207937275986,-0.1676336817477674,-0.07263308992453951,0.043401102633559376,-0.5880065017261635,-0.5952935639254473,-0.4186463413586296,-0.7176466685262363,-0.426484638654288,-0.4763423577595593,0.30669243067948726,-0.7085968442457644,-0.2712063774485624,-0.41759935494859235,-0.3212010874715916,-0.4030778083729158,0.10789585836072714,-0.24832787648145593,-0.018442299521289472,-0.04459906523940745,0.33142247537338204,-0.1983340495868661,0.23975579707231634,0.02110346036462654,-0.09352858269695348,0.30237413684283176,0.09293203459125397,-0.017652405501672738,-0.007562919158591178,-0.16510743068510372,-0.013822135419893822,0.13535074327107943,-0.1100537084588351,-0.14044154359595887,0.15943290541560812,0.2482337606233036,0.22585173031398825,0.2044548452106256,0.2907867690397477,0.3132590186411498,0.4765005985043325,-0.09061266770928772,-0.18670797327347202,-0.42138452039708746,0.22893027160568286,0.14785438267690013,-0.4688372808535479,-0.48993834790497226,,0.02624921586537739,-0.19720131290678491,-0.27753798907681093,0.16705504340342703,0.4192213128931556,0.39179156571542323,0.36770869381917953,0.4516500553781589,0.09975263264565871,0.2720634146715742,0.29094678789471873,-0.2363746915213321,0.1886356042320724,0.10489228965849141,0.1701029973228073,0.3011389114041799,0.3211417109828133,0.4054175948696654,0.31077139577215057,-0.20830357488120033,0.30859657821669556,0.14071441377354693,0.24550105549651074,-0.07780453230747147,-0.4206089068440513,0.04010327047978117,0.3597023717619752,0.16691885626379238,0.15426154130130743
-0.3579374963676975,-0.017987442249899115,0.4572454288085948,0.3674729903717735,0.2873108893079735,0.6014886355815947,0.38349372478311994,0.5099286880263773,0.27937491617145815,1.0,0.1663723320728831,0.4139951480131292,0.06421650771504891,0.3282541818085252,0.4672788793335261,0.6160754813269284,-0.0955915574800133,0.4398208516543757,0.4168998281841326,0.39718234683113823,-0.40410164288495387,0.184685317927606,0.13289996991023395,0.2625627982814925,0.2454430843195899,0.24772478332815642,0.13480266955523332,0.42807220767469,0.2823490031428795,0.5101421823976975,0.47916362969083837,0.5446411798511633,-0.16189397656048557,0.44472387393233354,-0.10787478407828709,0.1830112197688929,-0.014346483812256944,-0.1523931940480701,0.20445526986189438,0.03120343654716782,0.026884877035120047,-0.38191538600703917,-0.5554407319903181,-0.25206001639032105,-0.5589329319277044,-0.20660210898245637,-0.5118024402109882,-0.2463143784198799,0.054295172588554874,-0.5890065243359491,0.04009438696169159,-0.6766513726833281,-0.4089694222430107,-0.6340021365043288,-0.07827738351431365,-0.5098842578391045,-0.33323237272379547,-0.22787135608817158,-0.32631692323405215,-0.6207964099450596,-0.4369018095561882,-0.08959226416645251,-0.42508691463347525,-0.3262848566755757,0.0034121606937803422,0.02777503849439726,-0.5308472882160831,0.0027046315598970084,-0.37768984336747813,-0.06603888885166015,-0.24736490532753033,-0.07086285644568892,-0.03581092109743838,0.08881335511501287,0.2574718263250206,-0.12366334647343101,0.13852983798941304,0.5181189693703979,0.5097587404121309,0.34949370633995797,0.033143017162287916,-0.02343086708940417,0.27076859849402,0.6856972109204499,0.033329956571374504,-0.6378878807598729,,-0.3405653942059709,0.16173680319922445,-0.5256797069316942,0.4088285929441872,0.07061379568255814,0.2294655602815228,0.12417366258367625,0.0489003978731883,0.001183769285332217,0.06360022465775868,0.007538181908828026,-0.40644869167652115,0.06043042026457866,0.43516947342065343,0.07370003665202383,0.08921791786307912,0.035505580836433584,0.07129269526191921,0.23061276482906257,0.2773897262764123,0.35129442574936354,0.08236116871895756,0.13790593379735555,0.2989836322271748,-0.33117630242123003,0.19248034772111772,-0.0013243440949473172,0.3177633596234427,-0.12421932166437938
-0.3726981388521876,-0.19286773256484024,0.3217062826814148,-0.042386103154797364,-0.11341478144143306,0.2472755327987015,0.28419215676111104,0.2834250913589296,0.16314944293558725,0.1663723320728831,1.0,0.4764257766633943,0.5220124092210648,0.4775307489660073,0.8197090410753436,0.4560785102554554,-0.28903982055506866,-0.024755379041872465,-0.5550129838424356,-0.4509681284862776,-0.40047165725441086,-0.2674888115165882,0.1582017739525373,0.13158796083529314,0.015766103239366697,0.4003870712881235,-0.1300113002737654,0.354104885278772,-0.011238421836509112,0.2885739193860343,-0.05194179748923757,0.14032346969641382,-0.2196076321410672,-0.2699408607463603,-0.26534965266311883,-0.25145567859046286,-0.5240513508283693,-0.6882227072631143,-0.2990737311491412,-0.3427668377216107,-0.27324504979691355,-0.29343221405331404,-0.29025229955484805,-0.35916220897309714,-0.02922136553001569,-0.39061826573896197,-0.17531493036304158,-0.23782173399108164,0.18352889651833676,-0.3112300583360131,0.070100786475324,-0.11214499776611961,0.06472819265575033,0.04210452021737085,-0.001914278795642273,0.07746030427698397,-0.017287061450045788,-0.04419235450315585,0.33372155293079236,-0.22497999683575182,-0.04226324312557461,0.24507293990935053,-0.050999682742872345,0.022387626130109722,0.37409210650963765,0.0003139473868972423,-0.19839895886041534,-0.24390165030775274,-0.16256402097299713,0.05139826923179775,0.12975398293297194,-0.3150772835690788,0.046464000369724,0.04032931882607909,0.10954070572649961,-0.3259099364577442,-0.10094924983020757,0.08328146709724656,0.1004799450233999,0.3414231251784297,0.32929082300116835,0.32112620693810634,-0.14761691266524257,0.19707637046178977,0.567041323980081,-0.07913515326798636,,-0.5481571636688987,-0.30085549854557714,0.01075646255231316,0.16863659709916906,-0.07709065534403424,0.06984672078893726,-0.1281559370469088,-0.0711798947768341,-0.02713010020676733,-0.5486743978592866,-0.3121239575908425,-0.03250640834097858,-0.07104268362585962,0.08566121163349083,-0.21962115664042256,-0.18134853885420638,-0.07995827647528635,-0.16999222494869698,-0.04275003624612386,0.21646388185385249,0.18105988064701992,-0.083754748738143,0.08488215274670066,-0.525823721141316,0.0540312398557643,0.02807391696713926,-0.13181433152246638,-0.009054322824870373,-0.1884188188483149
-0.7227395780559815,-0.025924006512085637,0.6885745476853462,0.5373243935646866,-0.044395825432665986,0.32648843927752313,0.464961023709998,0.7858252835887239,0.2409437081099673,0.4139951480131292,0.4764257766633943,1.0,0.2547371996002026,0.8851606228656962,0.6601636265635524,0.8265069033353621,-0.7017104767386831,-0.15105688219177174,-0.4311121278685078,-0.439599924009193,-0.11311968731273056,0.022838934645221565,0.19787458049429388,0.3857252956739122,0.17472122934292908,0.07610690759939,-0.010067299202164984,0.43129847998222837,-0.18932520620523988,0.41986505228854376,0.4387026831934416,0.7048034898327152,-0.5466210505739786,-0.09155389657787062,-0.12699762761043182,-0.0056360728092769265,-0.373451150912546,-0.6908463905241818,-0.3227548809974003,-0.09020079477101746,-0.07785871976074404,-0.055013119411017566,-0.6380960476787424,-0.33309918173230013,-0.46540131033411364,-0.30742945950735334,-0.6025839874414781,-0.4562782290402754,0.40438887106929905,-0.5300366486620984,0.10019898341594981,-0.5843182372582973,-0.431666829136778,-0.4750455060815906,-0.4748609778404634,-0.6332766349310598,-0.6286877520757764,-0.45455179205051444,0.17151950026605844,-0.5405781904675838,-0.35182376351726763,0.6462036626222964,-0.5710221534991299,0.25451167300754274,0.5416603179087833,0.46431185652502693,-0.5195382770033922,-0.20446468727366005,-0.5239611556564759,-0.5339912018743193,-0.025548695504161174,-0.16399555960476395,-0.10132267583686473,0.23922986283182257,0.268147135089512,0.014745154454269938,0.2606762779223861,0.49526233088365024,-0.020078734238542922,0.24321763113044859,-0.18555046802769543,-0.13876196057799625,-0.02716864870651559,0.3561511962426735,0.5245968219378225,-0.18488755842707963,,-0.5752283203121815,0.2068035401181633,-0.4739402284425502,0.3996045744820082,0.20198871336488627,0.32643252323660005,0.1960936040404608,0.06865179196458367,-0.10983063847008692,-0.3874603087669089,-0.1638994043057322,-0.28529172100454736,-0.01232208269667223,0.03753948881626305,-0.04341607725466905,-0.2222931368827513,-0.27579491767282405,-0.07286600723442678,0.05336489000070354,0.5720220218835077,0.15589736673979943,-0.03189108888535125,0.05957141119978594,-0.18571203091395394,-0.061151277326212006,0.438954606297407,-0.4128418510221509,-0.09046710602687501,0.02328099344490393
-0.06932617055689257,0.14338468101455729,0.5560931090261524,-0.4258282786952789,0.46079233292298755,0.3443882980906994,0.7782710321734985,0.2627563309725375,0.7348621299398201,0.06421650771504891,0.5220124092210648,0.2547371996002026,1.0,0.27265706212202284,0.4979956879175214,0.17146568267057194,0.17727199303712257,0.2034784117406694,-0.3822359926374904,-0.2638844514864437,-0.22233413063157373,0.09158715299243042,-0.35419112470282854,-0.322551562862428,0.09049752904817308,-0.07580055102053923,0.41825785462617865,0.4639718524632477,0.2777822398532677,0.41795947361048874,0.08891486648434521,-0.06076963167301389,0.04510176323991649,0.11220387829555037,0.08678617748633205,-0.3817756381391136,-0.10566502283128225,-0.41653091759124156,0.14440802793869992,-0.3638809398485858,-0.08009037943906111,-0.17642143813294683,-0.5345510550325835,-0.5443740598244441,-0.2266768627590249,-0.6455302430593618,-0.39536963663763336,-0.34228917094273636,0.2582858975193947,-0.6007779363291684,-0.3132504972705195,-0.3070235977926281,-0.31726730262678154,-0.30897930663125744,0.23591446323297266,-0.0043617011793622195,0.04104594885647917,-0.002524473460977849,0.5279450973762261,-0.17064050771530817,0.39073325600749104,0.1202248952018479,0.04363123510445285,0.45028464857716144,0.46576963440941016,-0.11096513559262125,0.06507538118096227,-0.12578647597294726,-0.025148249067433053,0.07782922506306797,-0.2284056879519214,-0.21328905923291044,0.11275250984663514,-0.06703253521729312,0.12406464242370496,-0.031922129838433205,0.1250169320548937,0.28337107776029197,0.5520093346673436,0.1505526546187357,-0.028223346157066193,-0.15004784111947828,0.1987085203400556,0.20151951666761694,-0.22666988054532478,-0.4525139073363831,,-0.23140044299728654,-0.5102361199860036,-0.1691768548973083,0.05220501471800019,0.4339080682932129,0.4411454206101825,0.2592196226977536,0.3257336789304842,0.22346700944936346,0.050327393671249505,0.021176266608619876,-0.2617883078101647,0.21487545111658748,0.17481058477043676,0.17533052491709822,0.24301448791391636,0.2978502290711318,0.3638393327402568,0.39590137282340293,-0.1047935943957442,0.21516004261795416,0.0875104725919248,0.28619428005400277,-0.26309819493737036,-0.31061650758748993,0.11976073602012208,0.15775358747408824,0.3636451624711224,-0.010078900663866595
-0.8179295558449742,-0.08306720659741276,0.5710327137103257,0.615884411245292,-0.15182593955128085,0.3998370303889178,0.3688302077678365,0.8447839111505988,0.21667480541315232,0.3282541818085252,0.4775307489660073,0.8851606228656962,0.27265706212202284,1.0,0.6796625256643727,0.8905052966341548,-0.6780248506905381,-0.31398428754510654,-0.474863256478299,-0.4680510106888535,-0.07772729903063871,-0.1903964189745286,0.16587976629630327,0.49291491567392753,0.025163372184116913,0.18613154521385322,-0.0592057333588587,0.43474322769388685,-0.30950253493165597,0.4336858820729836,0.27726081743203884,0.7242740094540572,-0.5216301976115583,-0.22231306435269466,-0.22913662211860936,-0.08285569469615735,-0.2979614379454969,-0.6685041345661715,-0.1320859163623595,-0.046026492029664245,0.07730519441123951,0.10380232340209822,-0.5366245884319361,-0.3999773080056041,-0.3416720435197408,-0.4436269873232388,-0.44796833624695337,-0.5553302047491807,0.4048398955879691,-0.4550528129648968,0.24503898550518402,-0.4117000787580033,-0.33560764070814125,-0.33927853681672815,-0.20091403807947236,-0.44852155553266576,-0.6778986503432963,-0.627284130256699,0.20262559290065693,-0.5725244519460563,-0.3992242673426768,0.5920896319141709,-0.6417273206869584,0.06678999137822238,0.6408368331132078,0.48280566065687963,-0.5436368488258405,-0.26731449888226344,-0.5910124928807016,-0.6052366854889255,0.010640565848738584,-0.22722213101016278,-0.02184713405026996,0.34168202424574473,0.30514214722676947,-0.09662695971418658,0.20200261357544527,0.3812840537689752,-0.11673391246987883,0.11675615503573919,-0.1838806683937582,-0.09422784816352732,-0.032004892911687934,0.3071344211068772,0.547898961645243,-0.01907659547263433,,-0.5317392276669028,0.18648667370578942,-0.34292324943675145,0.5070227175823866,0.14345856550208042,0.2707264928180916,-0.026230192524344612,0.01509426308094337,-0.12808033169117247,-0.36594564465179,-0.2499042475642146,-0.1006133889970409,-0.07217720635956047,-0.04588259537715763,-0.060102906823535036,-0.3202072727699921,-0.23188079781714493,-0.1916770204115715,0.01642633603456897,0.44653965913750554,-0.010118164390652537,-0.04317462770866458,0.08905094907786361,-0.3004785500326891,-0.05636489021926423,0.35357461484688524,-0.39042743683807263,0.014233003715312352,-0.0344902694398911
-0.6238748191715708,-0.15219493119237054,0.47211339676895475,0.16562860691645154,0.05934666308754636,0.4527996854443348,0.385408614907432,0.4387250769425686,0.19295368039729258,0.4672788793335261,0.8197090410753436,0.6601636265635524,0.4979956879175214,0.6796625256643727,1.0,0.7451199535423989,-0.32793358998344246,0.11072830544103322,-0.4114059069720134,-0.32238620207241336,-0.3468674140260018,-0.27391341940979,0.360907301352837,0.3084373077912643,0.17870538036878522,0.33241899193080543,-0.0676707901728668,0.41447979363987814,0.09803280171276525,0.5183927847441445,0.3286856289521623,0.460061362474923,-0.3537141963238353,-0.2682918779905292,-0.48173078910367834,-0.4226501870443581,-0.4763735364153712,-0.7714859202395129,-0.2657812294858306,-0.23440335158305783,0.05605387539741666,-0.2237986778994225,-0.5430266291352793,-0.4586073392211065,-0.3847611734638207,-0.4576613484826772,-0.40734364593389716,-0.40663748468783245,0.0028744222916086636,-0.5270279952181758,-0.03024253382167766,-0.473258623494082,-0.16590333295918622,-0.3529248986806934,0.0688304252895339,-0.13175242736709333,-0.25009368275231103,-0.2439789328972193,0.13994076535405267,-0.6059719302862561,-0.14638098882555148,0.19868590521175425,-0.1855375850245546,0.01576412361227505,0.5569636467494459,-0.041980734010310515,-0.5628314541020483,-0.361678796987432,-0.4896536782030637,-0.2547235020161495,0.005069539077484085,-0.22656162319907433,0.09691259706904436,0.11764386137704153,0.32707588187321984,-0.23779851565830767,0.05791815735470783,0.3384297309546522,0.2838855434097001,0.5054134273097591,0.2642144318471252,0.3486899645404262,0.051074914102264744,0.5136988165189031,0.5300393183387992,-0.2895926983044638,,-0.8327690552473319,-0.2980388383170033,-0.2802818009188379,0.5157759390439475,0.2261135432415033,0.35777402012214493,0.06382789359879334,0.117371118050854,0.09878407120946642,-0.3683298920805432,-0.1403199668942489,-0.09037350441994223,0.16719400075625768,0.23826364677204212,0.041829650240770816,-0.02552223199898525,0.0912645820222481,0.04673917252223004,0.2757290223629622,0.20387949358846932,0.19952164627372226,0.11876887810177293,0.1650956596200117,-0.3262091621335774,0.021015249244487635,0.32404449862300816,-0.07205687222707505,0.3428747433685551,-0.15630368512188025
-0.8442039263280657,-0.1725135356374306,0.5842054753921349,0.7026058401813876,-0.09285162439123307,0.570514875974847,0.3343101553841915,0.8108169891280488,0.1455838534782973,0.6160754813269284,0.4560785102554554,0.8265069033353621,0.17146568267057194,0.8905052966341548,0.7451199535423989,1.0,-0.5649769846971088,-0.07416164040014697,-0.21290915150753567,-0.27214416252055235,-0.25269071687077227,-0.14369501567747633,0.3074019365510611,0.5281793200259793,0.085308641014147,0.362645151665763,-0.06744280778244498,0.5286590434669884,-0.1737542220354974,0.5399337339575488,0.415644465238118,0.8574402732343166,-0.4877827464952835,-0.0622293982089305,-0.2021240984690776,0.03993029739973892,-0.18544000738572441,-0.5599853763157049,0.010844435950404374,-0.03588122081332844,0.034307061594267954,-0.21258963458217295,-0.6469192585381159,-0.42151952391505554,-0.5149084294283979,-0.3752862005294734,-0.5954422709926178,-0.5481932589112137,0.29154515925995206,-0.5557315107406863,0.2607573687365441,-0.6334052163630958,-0.48481481248818226,-0.5387967511494073,-0.19963512801347846,-0.548598473206626,-0.7045556994289273,-0.6547011257097765,-0.09235875515775903,-0.7282366377508052,-0.5743418679130616,0.4230650757366433,-0.6572803939713019,-0.21003740741911406,0.49254996565428355,0.40897644465149346,-0.6587718221245576,-0.13548862487077065,-0.6192772066686074,-0.5280191025899565,-0.029889096543373593,-0.15802422250700915,-0.0034156105947693305,0.3029557594212242,0.3636803031176529,-0.11749141341351316,0.20897192520283717,0.5138475196111033,0.08776418361945645,0.3710272335193733,-0.09023425028571692,-0.004238672311444129,0.03670424128780483,0.5102213566700823,0.536899205420766,-0.24194214881063314,,-0.6321035590703107,0.281819192625007,-0.5682281629125938,0.5553008731382595,0.11911670039336592,0.31085085399977136,0.002566486814404573,0.013589111862292178,0.011277631573846298,-0.20761477288674507,-0.1801957836208815,-0.20213646039778296,0.032399661249274944,0.19785003409762267,-0.03783614587758965,-0.20416963981165626,-0.1897936529052065,-0.11360103187128184,0.17843570816142615,0.5086000325336502,0.24691297874327148,0.04002266675404252,0.21500607650149875,-0.017000394396968255,-0.05889674797417391,0.3999136478927935,-0.25914637744912283,0.21904590495508192,-0.01677704008401977
0.6781344741673354,0.47628829105768283,-0.21644107366655332,-0.6910833254484325,0.17854427226102176,0.1254285312632663,0.05048305886370786,-0.5162153283065107,0.24048575517150791,-0.0955915574800133,-0.28903982055506866,-0.7017104767386831,0.17727199303712257,-0.6780248506905381,-0.32793358998344246,-0.5649769846971088,1.0,0.6498430663662664,0.47556081710793846,0.5019850494373046,-0.1313994633737835,0.15716126210600406,-0.3473328361733433,-0.6183433074650927,-0.2370229304473753,-0.1503737515221679,-0.01952826291900873,-0.05641392569083388,0.5771108658350675,0.13458045180061595,-0.017325448517499547,-0.445499131927334,0.49800057486315,0.33183749085105274,0.0465002387421676,-0.2613025118477083,0.3384141144014729,0.406461846756763,0.39330654690074646,0.1629019733658472,0.16695732525095,-0.002755466156276417,0.08155851652831182,-0.13011586355209218,-0.08183653411296367,-0.17946903208444223,0.22121481725624778,0.027060647941614432,-0.3141196968545884,-0.07327928185520201,-0.5009083717079083,0.08895159419877319,0.026852874475640616,-0.0260095121230281,0.4659852871186366,0.3902106342850652,0.6054357236902447,0.4994100544930737,-0.1725976837803524,0.24375218348818645,0.3676138643690545,-0.6295222598260485,0.6103192392092165,-0.017581241364035754,-0.4840539457804762,-0.5943828419588585,0.27774191336314136,-0.13439450645800832,0.40112546710049113,0.6927924001610449,0.1633963097267524,0.2633026190096857,0.37883527274117856,0.005985963622974013,0.19974136923701413,0.17619901620353207,-0.09223251683761344,-0.2169130987124246,0.5621857029942972,0.1561549586335731,0.3217746658017056,0.09896398017676869,0.3186284050695251,0.07638943786656642,-0.6268546189217951,-0.3030064522029681,,0.4106345603653793,-0.3637955330743686,0.11519669405189155,-0.22933982481202558,0.14375069561007284,-0.07736680042864222,0.19173461255442897,0.33001229915719815,0.38535926267607223,0.6030424574002358,0.4200850452965182,0.14652133433453798,0.2834046039993994,0.2081210773985956,0.20903075101969226,0.5743022389588925,0.43515636299556254,0.5496252101660055,0.27005701984711983,-0.7881590665030237,-0.018036706230410246,0.44075747196953746,0.16487717984310518,0.0630683242292707,-0.2556298906976926,-0.2688484165606904,0.6476261035777608,0.4084056224623462,0.20048843801460875
