1.0,0.6221291794879878,-0.4017272493049132,-0.6880115150120575,0.26925414950088183,-0.23736581801980988,-0.4287082925568217,-0.5771038443828378,-0.3819186017170086,-0.021430429120751434,-0.15326890017768655,0.029383154916184463,-0.21274693400864628,-0.2091306178248895,-0.7535103106688754,-0.5103808475986196,0.6260025111260161,0.4203832178306444,-0.30836158786193474,-0.041835082569339425,0.17811276491778674,-0.0545008298137458,-0.3294190310487856,-0.26095541779477754,-0.3749425549543915,-0.46613724935901796,0.2545119792831557,-0.2931807825686375,0.30912463669656026,0.2289428706001358,-0.3946472724296728,-0.39629686690305604,0.4126768285915019,0.28940916444033593,-0.35346072397775624,-0.14263601929867126,-0.3602566569879908,-0.21014063443890602,-0.33356696780623946,-0.07638365786947604,-0.09846922474803879,0.2209474184138623,0.09848099981628161,-0.04786093809408551,0.04796052626596397,-0.254940002594961,0.01906075994864049,-0.06971734193159934,-0.1468600845091939,0.005622789810300462,0.061819199869160964,0.1832088805406011,0.436072197140226,0.3330618309370162,0.4446501110663009,-0.03624764284955818,0.57088336098779,0.2469695688863187,0.28652507210647216,0.19832751502195953,0.7329542837947919,0.10339622056720542,0.6942748119786768,0.76227932345941,0.6236786128749179,-0.1923587045879719,0.25566086540035204,-0.09678858217628557,0.09105181762910025,0.41225889489118733,-0.141944504055291,-0.09092948582113346,0.32941835410778364,-0.12284374059103247,-0.004941468905049017,0.25052363046575943,0.17789964957598414,0.0029541696946552747,0.3011933235933533,0.1357645513929971,0.2065054194260301,0.49016045430835464,-0.6123117469260159,0.23069283672385266,-0.325814918514254,0.20739831157151226,,0.11012809350430698,-0.18194926520996346,-0.09599604435277864,0.024702599646483796,-0.46935242272334754,-0.3504812240071812,-0.4625313295362347,-0.1691260286220535,-0.39464482695968356,0.05163588862706663,-0.4917949346736244,0.31283929344058203,-0.6705850627989112,-0.13985416197048847,-0.46229570450666096,-0.23527297437800357,-0.11490846314737398,-0.2794014807316316,-0.48501563174119705,-0.0647042291774315,-0.0701655191316289,-0.19324462235179907,-0.32646474565508354,-0.25220282021076657,-0.07034118442054933,-0.17988830066745248,-0.2321360778874402,-0.16847198225952273,-0.4474696111573291
0.6221291794879878,1.0,-0.4858874773403451,-0.4680194090070738,-0.07456949243958001,0.06907121563463459,-0.3813573067172978,-0.3196764262603059,-0.42181613769846993,0.1998770051210894,0.057788316462596946,-0.07680455876553872,-0.3083041948920021,-0.3012952589383297,-0.7140017537094243,-0.5951882989932734,0.7342039403786172,0.6365656608588705,-0.030138193575157228,0.39817252846571255,0.17142092550486526,-0.42579021409734896,-0.3664537333110374,-0.28992285776478105,-0.39411126496196786,-0.5018998096002114,-0.08194258985862098,-0.046572728287541804,0.2339705870687751,0.14229719598010993,-0.35735566376335487,-0.5348639495823372,-0.0048035865242107055,0.08705610527752806,-0.3245145717750329,-0.3765899062392894,-0.25871099887715004,0.046988936193566616,-0.09605803830765211,-0.06579303036198168,0.1087246916387347,0.39791567218624696,-0.10828908579288378,-0.09464728563920344,-0.014027477815465175,-0.39981549854762954,-0.3107920483670414,0.11120522906725991,-0.41469420321020595,-0.07619256726903731,0.1959959849461109,0.03270621377579642,0.20488280476269216,0.09930721031419246,0.5342533119997023,0.15538825049320681,0.10991490770529998,0.4231980216529068,-0.10223013112017701,0.43015831044050845,0.4792913863742312,-0.012040337208487774,0.5900704301006986,0.6566647224234299,0.5645366580774073,-0.3487172439372085,0.257201136776128,0.06084725834271386,-0.0052272863654441,0.6279296022260635,0.25428425921302633,0.3006734716488342,0.5020052049174246,0.3522007052666768,0.34788422376178685,0.44725666034920997,0.44822436642488095,0.29549531123093115,-0.013020561026809062,0.009510003356930086,0.09087483371768244,0.43396820574784983,-0.39248613909778163,0.45985549407451354,-0.21175974277130652,0.02252995333262596,,-0.11887975432893659,-0.5092206047046856,-0.12101505967643088,-0.020998120469770704,-0.3996908948227368,0.07992748652303767,-0.4980245926460828,-0.4034333975302809,-0.36768359804237366,0.2106669420436258,-0.4044491035565571,0.10258884258141604,-0.675085490301072,-0.3274570082225334,-0.5089780719903862,-0.48669899459449256,-0.0809333274821853,-0.46831885858630906,-0.4885105175427412,0.27098829377360045,0.24464034481788677,-0.2609615495579458,0.09660443235339551,0.022512725733071934,-0.4268089513515072,0.2132843243303008,-0.4982041457836044,-0.2777002422088249,-0.35756416904788674
-0.4017272493049132,-0.4858874773403451,1.0,-0.05296573508296576,0.22835716465267428,0.07454039861370892,0.846641768050314,0.2750322416260951,0.39908904205351786,0.09853804504450416,0.31760078390828367,0.23125936041015552,0.5748750476403103,0.3162350142615903,0.5547009072578436,0.18738764492702017,-0.2801789933975708,-0.055447629207746776,0.5228890514053262,-0.157161619507255,0.23548068942456088,0.07566347487476913,0.5230895797264568,0.2737949315219266,-0.007843028856636881,-0.052209425142923385,-0.1515669390221284,-0.21208784231816968,0.2095128882998425,0.36117172305603584,0.7804750382293281,0.7518253946626992,-0.14029564745322423,0.2651447093705599,0.2978869576405163,0.1232519739821447,0.09754532533279393,-0.2982427938386635,-0.07951933234496435,-0.0688683955475287,0.016624185252038036,-0.17362982939007998,-0.4411059960549275,-0.3667188701065064,-0.5610399233175044,-0.37353865756399846,-0.39481969346992607,-0.3219814997248837,0.15966892759302306,-0.4833740210091603,-0.05826410633939407,-0.4253285320562288,-0.4237058505309352,-0.40786072171659,-0.49074086010794543,-0.45344781132797524,-0.17160273558908537,-0.38910583195579335,0.22729106993415088,-0.5411390854091481,0.14093825414035457,0.01763634132436152,-0.23404402540100053,-0.23762293119129374,-0.026040829623406935,-0.11900277472417868,-0.16996382590435688,-0.08627264970620209,-0.14887873965639006,-0.5633955151644742,0.0404724786494245,-0.09348885281473512,0.08523191870622605,0.2520313200711556,0.17851154378877535,0.3544806003567557,0.040213379233853395,-0.0633512231519945,0.06426237178740922,0.5866220897607612,-0.30609576712812053,-0.45824092516875414,0.1772289253329264,-0.2782650219206732,-0.19329522071888006,-0.730168647851539,,-0.25370170409455817,0.364392573980583,-0.4883781477100067,-0.08019999095738767,0.3444343390782019,0.31486206527071653,0.6175896970809566,0.4607310140238005,0.369182976573433,-0.14248333192403692,0.40316229935798564,-0.0429610196304899,0.6604971841924235,0.5192479366417843,0.4084434293335101,0.2112568458027746,0.210024405599798,0.28660727655895274,0.7719891433250294,-0.40667517462332525,0.3029158706144955,0.1427906169726144,0.0879964613754582,-0.18723415487549255,0.33241104538736094,-0.08299400302484525,0.5093884799533868,0.011811823480872861,0.5116556950334828
-0.6880115150120575,-0.4680194090070738,-0.05296573508296576,1.0,-0.5002982411044647,0.19340598630368921,-0.03822055565193099,0.6290589086982254,0.28398541951311773,-0.07828813454206031,0.025130219276227498,0.2023948687795881,0.007696822510576071,0.4125189815118185,0.5247008277028731,0.6415673049966212,-0.6246015181222323,-0.4101549772261646,-0.08154760627889218,0.11918384095966442,-0.5568613878009497,0.17360239573308542,0.10166547274712305,0.19641076054283868,0.09831558451239386,0.7102109425886167,-0.30735260096709377,0.4075948304099216,-0.5521657979145786,-0.4178199774220287,-0.038618088670603165,0.22110961655829756,-0.35730794840750857,-0.3285066515088012,0.39222941213768936,0.4548407244406728,0.10821846331729057,0.0419326767021064,0.21444240852271879,-0.13187071864771827,-0.25851521905552405,-0.3601926304650005,-0.0002936143958225849,0.10785522285309071,0.09396471129029636,0.517466674128269,-0.016014441861529432,0.08558428431495518,0.2943686656242245,0.16776005166647576,-0.001223854192009724,-0.20071823489981597,-0.24789708962144918,-0.21405792316191652,-0.2588443525526082,-0.01986238135251308,-0.44792557976049185,-0.3874254802170892,-0.09415418544958978,-0.1377273529923704,-0.7375501955746299,0.023598554217321866,-0.5294399757735976,-0.6288191671033574,-0.6749851538940895,0.450940448536567,-0.43962789221698273,0.3625001937905383,-0.16088624797257423,-0.18037215715917404,0.1886252226742602,0.1340014169166927,-0.5231985432402225,-0.11759437071989762,-0.13154888921643312,-0.5392269115921964,-0.45282732046672697,-0.16227318689427733,-0.5429088293021108,-0.5328712841233334,-0.18163329682033172,-0.2625090797857911,0.42354237641332854,-0.07289904296945775,0.7619627850312333,0.12589153631921846,,0.34009568600205625,0.4510128989573461,0.40222736859733965,0.25689722786674507,0.3804930773068589,0.16093989727602212,0.3478476696899203,-0.2423169318142319,-0.021103304383837087,-0.2314691134191202,0.33334666149390324,-0.3895430816635041,0.31246576309742463,0.02865894899558385,0.349466722062562,0.28155867011922014,0.04662616784322531,0.32653546921938154,0.12802493842454354,0.192302990304014,-0.17409913969382915,0.16005158211424902,0.20770663791203905,0.28781388612691805,-0.06656914440481333,0.21142385906775368,0.24816473071594952,0.4088632934843022,0.4117458968656066
0.26925414950088183,-0.07456949243958001,0.22835716465267428,-0.5002982411044647,1.0,-0.2220453338379002,0.2775514957919618,-0.2613237127676569,0.22303229209955147,0.19311595639720394,0.03399145076330115,-0.21260729198621015,-0.07902843424193746,-0.2004900180781337,-0.21114470132338,-0.20373729743900085,0.43343995011238934,0.25517754791486524,0.16259983319197208,-0.12761125173137475,0.4926291392501335,0.17526054694372833,-0.03492330021078076,0.20785984864648674,0.012268402572541385,-0.28679623671970367,0.06639711965122465,-0.49081770576125394,0.5468456128780352,0.47214279577340307,0.29551113704216414,0.34025474723440663,0.3551442672958764,0.11459821024149172,-0.6132130911878169,-0.42985480898928585,-0.16095806014776148,-0.2423378770977331,-0.23536675367654078,-0.028206158200778764,0.08223295175859582,-0.06931695020208835,-0.031132087408967266,0.16602576931299798,-0.04072408468294978,-0.17969036570668956,0.17145410392801483,-0.17329259886190185,-0.3002492828619478,-0.06319164547959956,-0.5014278494771826,0.02946717832139432,0.10129644643145702,-0.1694773757953669,-0.19126116297179607,-0.19459823976621912,0.385984012208003,0.03440199655090351,-0.08107621859511273,-0.2561321678994116,0.4019071836424863,-0.2361667702381579,0.4783540668945171,0.34693623752385766,0.3873995475289038,-0.12420109524018526,0.004248743253289186,-0.38491972683398007,-0.026590083290133938,-0.07852911794728988,-0.2954277770490632,-0.6931572717141893,0.2679337565195164,-0.36150779570932257,-0.2177986438231599,0.009963585772086931,-0.10101201657649982,-0.3354674415830909,0.7086163588213874,0.21211234819300942,0.5070584455410407,0.3259512442766722,-0.44430365465207483,0.10653480825744213,-0.35949760189576063,-0.14568522643779977,,0.0842757830212339,-0.011892101022802701,-0.43280410766791866,0.12095291162902884,0.07592946358600809,-0.3019609701708524,-0.10593051606796731,0.05935897284979457,0.010931363859539075,-0.006337642569530167,-0.15959536207154223,0.27933130041475385,-0.025126406863540264,0.5464242863222037,-0.1137627438272164,0.42611049678451124,-0.05757721035090096,-0.0558358354585622,0.30267470306134514,-0.5149826563879049,-0.06417366641640285,-0.1700710701501966,-0.33649357630485294,0.051782387261038273,0.25781396088130404,-0.03443385565997305,-0.19828371392326483,0.09256267143323242,-0.05815275248993397
-0.23736581801980988,0.06907121563463459,0.07454039861370892,0.19340598630368921,-0.2220453338379002,1.0,0.34904288951430057,0.5512536140771489,0.4155729648304243,0.705368491549411,0.14314445005824133,0.19163516585644705,0.4640533854965564,0.29805896145852323,0.2892057408488194,0.5788854398311746,-0.17148797065625457,-0.015597531255368712,-0.20500045004086453,-0.14193202793352583,-0.19787856830625697,0.053061477848687644,-0.36058375852583496,-0.5578950823131417,0.39141421751357663,0.5054417596099159,0.01979034523087958,0.8055750757124382,0.39562106582825957,0.01139549926485635,0.04918603178414377,-0.085229960627538,-0.24546841148559354,0.2844219898569506,0.2689113887290221,0.12940252505634448,0.3340435989902192,0.3312996647681551,0.4791534389265098,0.5635062656746652,0.39546921454710765,0.07288261721605237,-0.42690070493088134,-0.4351585621510256,-0.32673024774329334,-0.19689975012390187,-0.40284724932118116,-0.33254364050930896,0.23816588515042877,-0.37738709250038477,0.025416178113164618,-0.4327710577720724,-0.5318512506654424,-0.41193281813703725,-0.18795607885002139,-0.2559300380010532,-0.4140952349787304,-0.04129713257598701,-0.12607416710287944,0.09879410947278387,-0.17322330859198815,0.2195307109142513,-0.24113316306159596,-0.15824628245829928,-0.1923366298916943,0.14538243389388783,0.09244505175622449,0.26182682303406907,0.0827187555927468,0.2514422688344201,0.1673528315551915,0.011285483291455801,0.19004136041824132,0.2833555629051314,0.5697367426646244,0.1283796769164489,0.3790058453406094,0.3375805053891275,-0.00033897387702260727,0.13703804586355992,-0.21154123229478913,-0.2866056100284737,0.5426006672912189,-0.06613631662690965,-0.1182956883553407,-0.2751180402289516,,-0.36770857361245457,-0.043435085495397305,0.02390378813247819,-0.26519112594016603,0.008178417553669545,0.4768848741389023,-0.17073313255765832,0.2566542934432443,0.4117778931177858,0.11456556430863271,0.41412616271481045,-0.3030345715724082,0.03869775366203673,0.010630793781059186,0.06306214634160005,-0.385345661497326,0.24075589822946575,-0.021412471728918213,0.391683881291402,-0.24360718321601027,0.02384859334953114,0.356447474447898,0.29951581031620395,-0.0363894192228457,-0.23541573321015102,-0.21724880723259993,0.17570618332588808,0.2558990179396505,0.0740061044220533
-0.4287082925568217,-0.3813573067172978,0.846641768050314,-0.03822055565193099,0.2775514957919618,0.34904288951430057,1.0,0.4814657172101734,0.6732731467696543,0.5008270341031487,0.2370240114864839,0.13644158480481472,0.7093395249755797,0.36285374311701163,0.6075102325949387,0.20867436971124806,-0.28816414153233466,-0.16073256006931952,0.41817722913019706,-0.15687130766106272,0.1681857784887281,-0.07432117569556519,0.2715443198830237,0.09302998430315894,0.048147763594398936,-0.03997555592094455,-0.2670140443058174,-0.0923921661578264,0.26579049619166384,0.28094490397867034,0.6607932305455658,0.5655568569418382,-0.273617012532315,0.14533525439358785,0.19418770766224625,0.014148616991852245,0.0955078828533086,-0.2696480420902091,0.04363714434066941,-0.031846594286176824,0.13261768084580997,-0.3146139774210198,-0.5150911018490962,-0.40121568505577027,-0.5188076520406792,-0.355050122061133,-0.35595768781687903,-0.3938702042764015,0.1735449289693519,-0.5160587962233402,-0.09279808960545764,-0.4407805445521666,-0.329714608589473,-0.4963601360214541,-0.39879577621478746,-0.4327833313736728,-0.3970314699600028,-0.3402984742093945,0.22337356431678396,-0.3492017112839566,0.06784230456264162,0.1727053400464623,-0.2590106733684283,-0.24177717508496163,-0.039063614924198145,0.05365540350626656,-0.05274435587358595,-0.023420732867186836,-0.0982886276997391,-0.4387293870974507,0.03130422954037485,-0.2463801781283409,0.10173532214611175,0.21841741848883767,0.263383434778747,0.29540752149207067,0.05598919864484847,0.026477943864486084,0.09391070515202145,0.4561183468515199,-0.2115123854352622,-0.5107109377179165,0.22561689426194084,-0.3317154054660953,-0.3434814062703724,-0.6697878989247207,,-0.43355916881501577,0.3460509441959861,-0.4150577059120959,-0.09373098571111628,0.3186540703905582,0.34130143493177767,0.44150407899471217,0.3572144093891573,0.4515253740869904,-0.13598198297172662,0.37564670593736543,0.030022628932079777,0.6083403666132684,0.5965673737042713,0.33685822759586,0.2270509807495728,0.20384833090190987,0.2660224258049454,0.8209648131232341,-0.4817924034870437,0.31549815217276894,0.230408592719869,0.13929843537219322,-0.20773555515126388,0.37864565159796565,-0.054430932677725884,0.4887931186680639,0.22204642827724652,0.4915388113922387
-0.5771038443828378,-0.3196764262603059,0.2750322416260951,0.6290589086982254,-0.2613237127676569,0.5512536140771489,0.4814657172101734,1.0,0.4309817183094737,0.46759985841125257,0.07606331702021385,0.4868948847771379,0.5920576868482513,0.6057372334390866,0.6473308974276086,0.6215631884170741,-0.49887573092790033,-0.4247354162814115,-0.15952362988444968,-0.16045060300571234,-0.15187148785833612,0.20030663479189847,-0.028502274456082347,-0.20389394857412496,0.1580322278440499,0.48600942031078026,-0.21286449095942198,0.4178042357550341,-0.2206198593940994,-0.2565203208469982,0.1945302121626335,0.3052194842212902,-0.511792973333173,-0.07754298696666515,0.5087466039658061,0.28832341973565057,0.3769821664681501,0.0971391197451045,0.3887279049878337,0.059184922481052574,0.28040106595130765,-0.26483676476033347,-0.556741834688336,-0.3955163628056304,-0.25506130649781633,0.045708268500301207,-0.37836670837066194,-0.5083283805301657,0.47679269846739464,-0.4194493168211893,0.22101044440926165,-0.48902511408301996,-0.4460217919441748,-0.5938277826539894,-0.3702354579994749,-0.4345571935665486,-0.6922172203673145,-0.3980648888869998,0.14235475893006938,-0.1651152390057426,-0.4854968537326159,0.4276178025304864,-0.5465943947445543,-0.5297074107600118,-0.38974886949550863,0.6349228483260099,-0.19438230492812486,0.45201708993599216,-0.12567620020192402,-0.3141283014518923,0.33073176192130094,0.07827617052203606,-0.27359962338655686,0.13523041365359975,0.10655276315175231,-0.13836196097636966,0.042169066768561525,0.13203513394290955,-0.2660308981786102,-0.23507183080145488,-0.3494298381576575,-0.6001748622142213,0.37267338442440107,-0.33003626399773295,0.3827003089066821,-0.2127842271376438,,-0.18304216286400965,0.44325017798183775,-0.05597616683376467,0.07149105902567374,0.2429206546608787,0.15802456932854853,0.16756126404811295,0.11081517154745019,0.3756087445751955,-0.13534495183264497,0.516902082803377,-0.13796400281158872,0.4314948976745727,0.1962465242558062,0.16208125219763625,0.21764700718296714,0.07112918065202363,0.16596969822514715,0.5099095853115181,-0.1896539143130794,-0.006875473432435414,0.4263834491904912,0.18829129102238376,0.03426535816362566,-0.0674718450368429,0.11913845547314643,0.4044292760281296,0.5914326125927459,0.43506232614628226
-0.3819186017170086,-0.42181613769846993,0.39908904205351786,0.28398541951311773,0.22303229209955147,0.4155729648304243,0.6732731467696543,0.4309817183094737,1.0,0.5417949951163923,-0.027734495004141966,0.06993919609423856,0.40528297346954295,0.4082083336498766,0.49342339238530597,0.4546063460094365,-0.30644371464497666,-0.2057473100693843,0.14323658498639907,-0.09680846702342842,-0.3116091338646125,-0.028841679059107034,-0.04553241078439409,0.09197465102440493,0.16877790657599906,0.3951047800050699,-0.5039642974062604,0.03549817064867036,0.20755448683927005,0.3471225063174803,0.2829654044639712,0.35764296133209716,-0.11847339760503911,0.09235472797708948,0.13638787840490338,0.2669189794295135,-0.14078434076723892,-0.2829807245329734,-0.011094319728279426,-0.12649098059973707,-0.12469109008252781,-0.40023949134266373,-0.2556761066679957,-0.17855037054067394,-0.2920432906717175,-0.007180388524443174,-0.12635421850189957,-0.17547467703852593,0.2614700250592895,-0.17556709545461222,-0.3648717920319865,-0.3640994015133278,-0.2227698770896326,-0.44751666926765,-0.47374488172197066,-0.3600664994574309,-0.1799154892522368,-0.3135879639607615,0.16149557761688757,-0.24675365676661679,-0.08302546129597917,0.226045807931248,-0.16406274835217546,-0.22151405655156994,-0.24104373741913965,0.32743050426324627,-0.1201699151206886,0.012133382039319851,0.02824630067581202,-0.11214955469838768,0.0819972600242165,-0.4558489896750771,0.11082442094401711,0.01577255876482713,0.2563465079218674,-0.06813499696318638,-0.24624038838257986,-0.2162064786071508,0.05907101651350182,0.1832418416089502,0.1902739989516301,-0.14646359217035218,0.1332861731233572,-0.17578817411051964,-0.18136410715783696,-0.4070157827714116,,-0.1276762530554151,0.4524470240298384,-0.10208844118007787,0.07624025708477328,0.24602719593968156,0.18805000176879244,0.40506544294449287,-0.010806100107731016,0.04653188661794155,-0.3659707836105555,0.21593881052631073,-0.21603829268839292,0.24767837037376453,0.592646660058235,0.41550178380638086,0.3639267890517362,0.12528441821835182,0.46886749643807213,0.6043063473328345,-0.3609017178951331,0.0830699967860373,-0.09948383282119332,0.2108583397938366,0.06190119513352951,0.2638114336661066,-0.19215545724571384,0.4169076179310841,0.37577042719596493,0.44521231366673125
-0.021430429120751434,0.1998770051210894,0.09853804504450416,-0.07828813454206031,0.19311595639720394,0.705368491549411,0.5008270341031487,0.46759985841125257,0.5417949951163923,1.0,0.2773546811408504,0.3013776598486275,0.4650615535517891,0.45682444883842316,0.24610201072986443,0.2201389130660902,0.15222606845278422,0.11641581562990096,-0.18056565601790173,-0.09339798291561625,0.11855475529759853,-0.13080510437213677,-0.20136783528757704,-0.2495380348963494,0.1813303913703661,0.0906276394954295,-0.2706342617376933,0.24277551939891548,0.47624159660699616,0.20957184371296117,0.20856142402870673,0.08972342987695324,-0.31534670826993144,0.20548678473245152,-0.10710272343918435,-0.14939471080406042,-0.03036499163733784,-0.056639149840771015,0.07706789062705896,0.20728801585654177,0.3362575556108228,0.045243040720613206,-0.5150556250664348,-0.30261116319961706,-0.40438464758201775,-0.4003255385645418,-0.3788104582362603,-0.4228918610865255,0.06496838862665616,-0.5358948650428367,-0.09000709290933905,-0.40762986023670894,-0.20564101563590287,-0.4490274434916198,-0.22568522638484756,-0.4609915551753272,-0.34916091143585415,-0.13712668636703954,0.11078265820809764,-0.1334104637481134,0.22657724112577377,0.33834856914644335,0.17056605135378608,0.24068776713569467,0.28893426259834637,0.23354165828202286,-0.06343662960633395,-0.06073037257250537,-0.21240103079600858,0.023369641097715443,0.2028532823367486,-0.2722300293409803,0.29269873040128364,0.22155308368764834,0.4848866981812218,0.20219789765196533,0.29409300314382303,0.14725021354392592,0.001997202791345865,0.15941689411948576,-0.0526421200365995,-0.09237033845093437,0.06143873830053215,-0.05808328614673575,-0.2529310208508234,-0.4303044134082184,,-0.5732827883716998,0.1307271113811745,-0.31721282639707976,-0.23525867005909176,-0.2065468037142425,0.1645862630908827,-0.31188495509179653,-0.0338955432716494,0.23921675695881348,-0.18129692879945675,0.09741755417209269,-0.11774942434405042,-0.10504808083785913,0.27492858098874423,-0.24189102304273077,-0.17952256398245003,-0.004111214162132274,-0.1622443198676864,0.4830158268377235,-0.308821683399943,0.17357576132059552,0.19401832083507378,0.01947636897414248,-0.21419707530751364,0.12274875643316725,-0.01693960340539715,0.019365856619322743,0.36385737573201393,0.11608476995617746
-0.15326890017768655,0.057788316462596946,0.31760078390828367,0.025130219276227498,0.03399145076330115,0.14314445005824133,0.2370240114864839,0.07606331702021385,-0.027734495004141966,0.2773546811408504,1.0,0.301349751635677,0.15550476011899972,0.4466645516714858,0.304822089750188,0.05388559344757628,0.16246709028569628,0.3797160438433002,0.1994558128601963,0.19705662770565927,0.43867281303836764,0.10749036167209436,0.5400826444160303,0.4606079185305903,-0.24821322213815242,-0.044807220131973344,-0.2036765947031777,-0.0056341097099466535,0.1146131827755506,-0.0704763128588202,0.3859770885501459,0.492569872486811,-0.27921380431876097,-0.10850898828542561,-0.1690257166624744,-0.14204734304977082,-0.2093918279074687,-0.3113972284065952,-0.28481513002930253,0.1740510736988102,-0.11810031068848018,0.2866297569268815,-0.08931935973874446,0.12775897283861634,-0.26982187391593654,-0.4649074569427995,-0.17136010853967912,-0.06962672423935165,-0.304116906619045,-0.29861132353971565,-0.12034432141185014,-0.07769242967229706,-0.1437070525802028,0.050195959397567845,-0.20941232591410844,-0.30324867232221475,-0.1561782975417349,-0.4866483954718236,-0.05031935767777381,-0.4798233518187358,0.23449712545791543,-0.4384805171651426,0.3306792918962585,0.2334519118749155,0.4822189861116277,-0.3825622455562918,-0.4391429330667204,-0.4464922946602,-0.6399057727498811,-0.28591777793250495,0.014705166105387834,-0.07920659842346546,-0.06467846018580539,0.08897132970784052,0.12828840755258822,0.18210272801744798,-0.1197217966724176,-0.2680799459225787,-0.4216562772195641,0.12073842333173297,-0.33828772438857874,0.005843387286961309,0.040885995252540504,-0.04007079993232201,0.19971486390047358,-0.412374319701111,,-0.22849598660443016,0.13250503029371166,-0.2806940686078056,-0.32002613405253605,-0.15486609335468118,0.1511213550345201,-0.192161132969187,-0.13496636943897328,0.15330200363410043,-0.3625041431551397,0.055610250842872674,-0.1440450880027063,0.0012893129691014728,0.0612335723530524,-0.3267198992483325,-0.36439724668791407,0.021194979503687546,-0.39641926347641115,0.33385295732364395,-0.2507824001220276,0.02717408031050719,0.3036636536669093,-0.29843148748680504,-0.5196373388818513,0.39559593320816294,0.12289052551852989,-0.07314333921202418,-0.12413624855915431,0.2378930098619669
0.029383154916184463,-0.07680455876553872,0.23125936041015552,0.2023948687795881,-0.21260729198621015,0.19163516585644705,0.13644158480481472,0.4868948847771379,0.06993919609423856,0.3013776598486275,0.301349751635677,1.0,0.5237779553344621,0.7675531626630409,0.311695902417063,0.3149812102887677,-0.09010844991596197,-0.0497465742610658,-0.4440332835537346,-0.310989549909781,0.1422790884476289,0.358210479281341,0.14560121698779085,-0.11282076483728362,0.020762487579228432,0.2625667569883382,-0.09841390420674963,0.053208986816168015,-0.05199563430355027,0.08665284733590228,0.26710302421452603,0.39948640675658587,-0.2171953676265454,0.3359139320573615,0.5066034196705304,0.4646865491429569,0.11753195124176138,-0.10574692475826153,-0.03829881261775791,0.019193270449389937,0.15457942766829338,0.27274000613252114,-0.5111397835789354,-0.4327872439681807,-0.3933331705114004,-0.2802085783078421,-0.43162453769301135,-0.6156208201368448,0.5505520694916897,-0.5785975593783941,0.298723072863959,-0.4293536146619833,-0.28923351836509076,-0.34448480102684337,-0.3935960374933889,-0.704910958165098,-0.16401525996032076,-0.5542339272260852,0.5442512892508249,-0.4484241758125203,0.18383790673014436,0.5167280758924925,-0.004099960750041098,0.04986724568631465,0.21180124487829732,0.49442732144356155,-0.25221267917060725,0.1818809384655101,-0.43265764119230127,-0.381527785626783,0.4513418218824147,0.09469642460355025,-0.0030952040150388997,0.21382332357195782,0.19023212541201043,0.1612962041044212,0.17701591510922232,-0.1674636540010696,-0.318454866211935,0.14345394777373455,-0.35324425502099177,-0.19116920495917542,-0.18466356412240606,-0.3026883201235957,0.29924734172244744,-0.31397829933742827,,-0.2090821236375614,0.447505609747529,-0.34548061456611157,-0.1936640004469429,-0.316615695225445,-0.12255808256889024,-0.038878932652128814,-0.0016500934445518854,-0.028357834982200514,-0.43081016444807807,0.2484977781662121,-0.18547325893349284,-0.018370762740018892,0.06020480359301483,-0.16797770194726533,-0.14774156737573182,0.05665346167234255,-0.18056915911942098,0.2653208973161212,-0.18792339576469813,-0.11057173498672818,0.11183417930392169,-0.24673373249493222,-0.36797139864254286,0.05655414322357675,-0.10089929912390883,0.3834735964732759,0.2925225186886595,0.35404394364396335
-0.21274693400864628,-0.3083041948920021,0.5748750476403103,0.007696822510576071,-0.07902843424193746,0.4640533854965564,0.7093395249755797,0.5920576868482513,0.40528297346954295,0.4650615535517891,0.15550476011899972,0.5237779553344621,1.0,0.5684994786123347,0.5434501004130404,0.33112963882070745,-0.5030888519218932,-0.4704479491167671,-0.19306332502677334,-0.593314443783019,0.12224978764532086,0.216972840416651,0.050597589542252366,-0.35419501643863655,0.18817302184233642,0.11183022981223528,0.12751806693495246,0.1567989321778812,-0.015767187198481154,-0.06960567962393359,0.32454920559768713,0.29170552304236963,-0.39042267583230317,0.12073066193539327,0.5330970103074215,0.4229353481390066,0.2880446808494801,0.00947529389873335,0.1304338056846485,0.2620144294301262,0.2297185244596635,-0.14780178427549392,-0.3757583419454216,-0.4484903144542286,-0.26323887524337714,-0.15855330226867204,-0.2144058048753583,-0.5266063554750665,0.6198627674740665,-0.44615412936933924,0.25253700287901265,-0.2417794628875783,-0.2602178051718493,-0.23492669079499073,-0.3529975618072487,-0.5647566832399743,-0.4213558531346677,-0.4719598098679258,0.5552360034787482,-0.09511512105550067,-0.001911699940679331,0.5037858062308855,-0.4491328216618972,-0.3470025962406456,-0.09522551783775227,0.3355379150058878,0.15419096195818427,0.27912434169669664,-0.09066517169706209,-0.46904093310210987,0.07150869030206423,-0.03332958149090078,-0.17938621085326795,0.09827378901559476,0.0887633593027143,0.2973448952386968,0.17186593976886239,0.09428562059001333,-0.025853211863944188,0.32438923274649784,-0.41234488244744055,-0.6370503152062692,0.147501010094201,-0.7461651067732982,-0.28106615215819136,-0.3639955324491629,,-0.46373781814522264,0.3422658024171983,-0.3169885830100921,-0.35144998542239203,-0.05111166274097612,0.22056326097561998,0.13184408545923154,0.3703423198518098,0.3893086200931442,-0.28665411426728254,0.2593991067486748,0.07022987051486405,0.4457690426677098,0.22446377173822335,0.23918481932525645,-0.16432836383978333,0.38385349818258074,-0.04165815114631946,0.49788873551352864,-0.5819529024597603,-0.06870698616710004,0.4293044885973812,-0.09543693846548947,-0.5499736636119635,0.2706699631850024,-0.2666430976141758,0.7532090570515885,0.17740866569636163,0.3389745575964749
-0.2091306178248895,-0.3012952589383297,0.3162350142615903,0.4125189815118185,-0.2004900180781337,0.29805896145852323,0.36285374311701163,0.6057372334390866,0.4082083336498766,0.45682444883842316,0.4466645516714858,0.7675531626630409,0.5684994786123347,1.0,0.6278005749302756,0.5388848439729697,-0.32396938887023885,-0.16741213537914618,-0.24517760933751026,-0.19534979143314368,-0.054883765392543915,0.20746007849204579,0.3972401762965591,0.18596939744183869,-0.0233676823063098,0.3864666099865245,-0.36624661285228394,0.08774291590157628,-0.14634285394015362,-0.08250983030575691,0.2330475148604319,0.544378935082047,-0.33285159965065325,0.07196016199210595,0.354843105951665,0.498734489002965,-0.21249856725046248,-0.3866256398098288,-0.26284058078435324,-0.07536314783592182,-0.1031312850979616,-0.052439887117167405,-0.3364352669728638,-0.16267139760771343,-0.43734968829341625,-0.14064991707190214,-0.32934369633198995,-0.4512698934409261,0.34083125799380853,-0.4770002626838112,-0.022107988046985508,-0.4289200470743731,-0.30682733618726343,-0.2792220156536371,-0.5139851184568921,-0.7628590514495021,-0.2008828007319285,-0.5892381865033661,0.4274393375792758,-0.6144160857597867,0.07201656405446077,0.37352967497450446,-0.06761286835797883,-0.02059515464416788,0.09532380039192162,0.43352618567705425,-0.5765776082208357,-0.06990404355597647,-0.3856090471016809,-0.4771167284807814,0.14145033586226285,-0.12940695873573596,-0.28094172616186514,0.032001175827281375,0.08798531886736073,0.022478476860120507,-0.20205623203006984,-0.16885807834904412,-0.5275064396109611,-0.052343833626275274,-0.325552282364818,-0.2241293948888864,0.06595896930730029,-0.34845991461890496,0.33309101070359703,-0.4212442963171393,,-0.2793398866242409,0.6561991674026606,-0.20746657323598588,-0.23059283963964758,-0.07967255208977723,-0.09337684247949314,0.07903320031909018,-0.04243743660210179,0.14789099221603397,-0.6483048632525388,0.1948417771690737,-0.36092591000463264,0.0690673386987084,0.10427940686446212,-0.09606870320774274,-0.050979650496089324,-0.11601157964486214,0.140420337886295,0.5044589961477441,-0.23060836787216368,0.020510633651706023,0.40068173646278055,-0.06836071014044144,-0.45693052294943587,0.41223745587357874,-0.16826035432977754,0.4243245948863737,0.4346687565466748,0.3534427464001781
-0.7535103106688754,-0.7140017537094243,0.5547009072578436,0.5247008277028731,-0.21114470132338,0.2892057408488194,0.6075102325949387,0.6473308974276086,0.49342339238530597,0.24610201072986443,0.304822089750188,0.311695902417063,0.5434501004130404,0.6278005749302756,1.0,0.639330497717693,-0.6608672728137583,-0.47919712939890574,0.16128298929951568,-0.11267183775977165,-0.06342693660665472,0.17492800104226972,0.549683414403369,0.2779512682451814,0.268583099074439,0.4734791217995817,-0.21737176345532952,0.2208612125507107,-0.21877102823523586,-0.2456960288015518,0.4089840158196522,0.5050157469334765,-0.3427485271166124,-0.14895279182262824,0.4375674058898018,0.23093918837640218,0.21130244554874786,-0.17233172409131525,0.05063315348015536,0.06070536080302607,0.07075516582421194,-0.2127803716730112,-0.2202867678624063,-0.17618598404151467,-0.2847045381943725,0.0014107009645131987,-0.08386912865713116,-0.24417615704676762,0.3058692435680439,-0.29264532325077136,0.052086920284993427,-0.23915326258164094,-0.33381963183701596,-0.24565064848212623,-0.5450364579019105,-0.300837957317892,-0.43629333279175736,-0.49466356667852734,0.06126599585317227,-0.486760826889448,-0.4469406308507945,0.09158917277842123,-0.5764043689190658,-0.5610221613026667,-0.31086697879419234,0.2871317052788065,-0.37592370154219895,-0.11368892141216873,-0.1339273276190046,-0.5602799774511915,0.03728374412784508,-0.05158328248192215,-0.35693070935927984,0.12462761098215928,0.08518296403915938,-0.22794695158270545,-0.20845193142993554,-0.024866213382968728,-0.37877444414190187,-0.04746779658877671,-0.39582872120671425,-0.6125424336739393,0.582273157915154,-0.4539666093975923,0.2696788325898186,-0.32011692623533283,,-0.36796854894557596,0.49657663853585493,0.04981840043330074,-0.17116747527981682,0.23783886414506328,0.0464564402871954,0.38282251140967405,0.35607597264713386,0.5395480987407781,-0.33202089353360653,0.5145239688538893,-0.16239680078686977,0.5849040111000718,0.15196625470286335,0.21995026508816712,0.1718455035503764,-0.08639997993423973,0.34262858873824437,0.672156137220245,-0.20679408372022642,0.02386799896413687,0.4633023181324822,0.051680701410735976,-0.26880002730598923,0.39983807888376377,-0.17308058915188226,0.4024708957319389,0.26152114538036886,0.3948568944750827
-0.5103808475986196,-0.5951882989932734,0.18738764492702017,0.6415673049966212,-0.20373729743900085,0.5788854398311746,0.20867436971124806,0.6215631884170741,0.4546063460094365,0.2201389130660902,0.05388559344757628,0.3149812102887677,0.33112963882070745,0.5388848439729697,0.639330497717693,1.0,-0.558703807136991,-0.3620222255739794,-0.24517913506719316,-0.2693562877298325,-0.37432627850292993,0.5122256175810986,0.0365341438855337,-0.1208891976317761,0.4891837555301761,0.9112804308319546,0.0031555584770460846,0.65059846792177,-0.0065467082835985796,-0.17265347289918567,0.016094154587840886,0.2884261423470051,-0.10534142952159108,0.10894472523048565,0.4614088115606122,0.4569802877544268,0.28302107970237395,0.1562394024321669,0.23841886582744107,0.3868962673777971,0.12853896060506848,-0.09878063918772981,-0.14076231962261343,-0.15259608473971217,-0.17619702779082586,0.21215865282113713,-0.09870146787290478,-0.2521987297739854,0.40538504944674825,-0.1422734386113647,-0.1005340982924162,-0.31178622811539164,-0.5875386731877592,-0.3186782402613252,-0.6248560779547554,-0.3841083629885327,-0.13512735894988298,-0.2742600112421211,-0.11370877418775262,-0.31502124014709815,-0.5021316747475058,0.11372902196836455,-0.48798168258372077,-0.4922473529895481,-0.5075559094348692,0.4194755879020844,-0.3110785904885494,0.10455094662374048,0.12378415951256214,-0.1470413608296372,0.034427262830708134,-0.091282143637204,-0.28539346730972426,-0.05429032925927211,0.07398009483060464,-0.3216943108309248,-0.11592417664653007,0.043656187635045265,-0.11432449005243489,-0.15121701709363378,-0.16452115259491917,-0.3389750368751855,0.5830640507596812,-0.24606695196521502,0.39582041167220866,-0.12945359305887594,,-0.0008833653597344526,0.39101406619706724,0.17136791585339908,-0.052103139462803365,0.19501335285743612,0.023202831490475105,0.1747736343470901,0.3530773106468658,0.3821190287445381,-0.2243600871896487,0.49516554703399285,-0.39529551243874095,0.23125492564802053,0.014351251753453587,0.2559120580391322,0.08400475461071051,-0.03929513926268032,0.387140899067244,0.4959028922232364,-0.2553003116610673,-0.23913745433847663,0.4025881797157466,0.1840313852138376,0.0654223032441685,-0.07219403663068406,-0.3891292473202468,0.3003155739671482,0.3712680512310341,0.1094444133196725
0.6260025111260161,0.7342039403786172,-0.2801789933975708,-0.6246015181222323,0.43343995011238934,-0.17148797065625457,-0.28816414153233466,-0.49887573092790033,-0.30644371464497666,0.15222606845278422,0.16246709028569628,-0.09010844991596197,-0.5030888519218932,-0.32396938887023885,-0.6608672728137583,-0.558703807136991,1.0,0.8555751639545687,0.09768448684903516,0.41449282508330204,0.4646190167721355,-0.1713558442387709,-0.15666327711935513,0.054411140158347575,-0.30398774312196086,-0.4784948832853987,-0.15714088823657346,-0.3215086711322732,0.5589602441866723,0.48715353687754126,-0.057738156183858635,-0.1497549274753233,0.3815913669851167,0.3144532620904451,-0.5461777921843805,-0.5999193301984987,-0.2770656552042875,-0.11533979378662225,-0.18316527691159373,-0.08728504914665275,0.20165116216399678,0.555450632396149,-0.17981768861183386,-0.033128953560885785,-0.2012869965233878,-0.6058774825277448,-0.2197067495940589,-0.07226586914790822,-0.585874964596822,-0.24160131438442864,-0.1357139583380948,-0.056535347425866966,0.10175214499211332,-0.07721590597186137,0.25485285526786683,0.015303867884067011,0.42912445596690496,0.415231126857189,-0.24737105261786133,-0.03819318656403476,0.66301636563118,-0.20687552357804356,0.8747948492375347,0.8554197685196905,0.7906035716388908,-0.35838663621487166,0.07392513882747528,-0.4049064864598834,-0.06826270142616574,0.4520528405966891,0.1421224727648201,-0.11354323085136983,0.6933560640144735,0.2331206421415074,0.297025585814866,0.366891231075894,0.36128946538471424,-0.004617845719431329,0.281179803582566,0.1995871860645506,0.35223188758841584,0.6258576079745459,-0.5299685611763226,0.6256137355305094,-0.2225205578703045,-0.13517673896146282,,-0.08444067759293461,-0.443914200511722,-0.34572174908395753,0.035571279171695135,-0.35109736945309505,-0.2567379772693172,-0.4756899539347082,-0.2132565957013518,-0.24890713712447218,0.21964027837826616,-0.2436695490008262,0.11682862271805518,-0.6670140940551925,-0.04815946059876075,-0.6468523067863821,-0.13168362963370564,-0.34686286762322754,-0.33002061106570063,-0.17910498366582217,0.1582195572559718,0.2700348746171928,-0.38972872112587575,-0.06524486963207517,0.1337157043328405,-0.22127579452326027,0.09637040364210445,-0.7184689339725688,-0.15394143020891038,-0.3383142582411717
